24.340931,13.379363,0.000000,0.124316,6.259642,0.027676
24.077501,13.342618,0.000000,0.124972,6.242302,0.024832
24.085339,13.335340,0.000000,0.125436,6.516168,0.028442
24.075654,13.229571,0.000000,0.124353,6.463217,0.032554
24.434160,13.317032,0.000000,0.125478,6.017881,0.030086
24.011363,13.310431,0.000000,0.125084,6.139845,0.027485
24.710605,13.341252,0.000000,0.123649,6.418254,0.031511
24.334807,13.320419,0.000000,0.125395,6.587536,0.032450
24.599849,13.328556,0.000000,0.124652,6.258658,0.026714
24.273253,13.356106,0.000000,0.125563,6.567457,0.026786
25.086610,13.338711,0.000000,0.125271,6.383107,0.027847
24.342995,13.328080,0.000000,0.125936,6.090134,0.031254
24.414983,13.258259,0.000000,0.123818,6.303144,0.032163
24.843941,13.313202,0.000000,0.123609,6.258051,0.028922
24.122974,13.300664,0.000000,0.124650,6.417692,0.026112
24.516215,13.432211,0.000000,0.126588,6.317964,0.029949
24.602249,13.355216,0.000000,0.126713,6.212898,0.029865
24.891866,13.344943,0.000000,0.127108,6.448551,0.033053
24.156028,13.349079,0.000000,0.126885,6.156492,0.034331
24.126217,13.386906,0.000000,0.124839,6.297454,0.022975
24.209599,13.342718,0.000000,0.126111,6.257841,0.026420
24.399417,13.304035,0.000000,0.125937,6.350040,0.028036
24.276476,13.321049,0.000000,0.126260,6.320925,0.027235
24.158924,13.211131,0.000000,0.126164,6.121249,0.030736
24.163137,13.302015,0.000000,0.123447,6.550658,0.035889
24.363596,13.257131,0.000000,0.123663,6.604304,0.033045
24.054395,13.267741,0.000000,0.125560,6.278741,0.025420
24.843353,13.427694,0.000000,0.123982,6.049032,0.030656
24.410464,13.296190,0.000000,0.123764,6.273770,0.026893
24.745682,13.392832,0.000000,0.128838,6.415509,0.028341
24.526507,13.271862,0.000000,0.123511,6.387360,0.030541
24.057653,13.269505,0.000000,0.126082,6.276405,0.031576
24.248703,13.251941,0.000000,0.123324,6.208560,0.027611
24.117312,13.278893,0.000000,0.124702,6.516179,0.032036
24.117908,13.254226,0.000000,0.129483,6.471872,0.027365
24.278523,13.579105,0.000000,0.126433,6.358073,0.029929
24.123265,13.295921,0.000000,0.125519,6.431620,0.033178
24.258720,13.351877,0.000000,0.125770,6.320889,0.030998
24.351323,13.386316,0.000000,0.125232,6.165660,0.026184
24.243369,13.311406,0.000000,0.124276,6.192734,0.029743
24.182099,13.320163,0.000000,0.124701,6.560634,0.027661
24.210747,13.339532,0.000000,0.126062,6.413503,0.030838
24.100909,13.318373,0.000000,0.124505,6.489663,0.026033
24.104671,13.359311,0.000000,0.124849,6.044786,0.027029
24.311328,13.326413,0.000000,0.128709,6.070981,0.029684
24.114767,13.331495,0.000000,0.125436,6.450676,0.031286
24.491274,13.303452,0.000000,0.125550,6.177912,0.027633
24.207498,13.287220,0.000000,0.124986,6.234303,0.026908
24.155349,13.329163,0.000000,0.123441,6.472808,0.026911
24.535369,13.356812,0.000000,0.124811,6.167718,0.028401
33.218953,19.348523,0.000000,0.135050,3.945731,0.017035
32.997836,19.408746,0.000000,0.131487,3.957864,0.018599
32.628705,19.399146,0.000000,0.122851,3.980538,0.020072
32.840381,19.422957,0.000000,0.133472,3.980488,0.017409
33.229794,19.365562,0.000000,0.121937,3.945107,0.020022
32.698701,19.438939,0.000000,0.122598,3.972078,0.017999
33.016519,19.501076,0.000000,0.134184,4.086762,0.021224
33.598643,19.394435,0.000000,0.120411,4.121732,0.017650
32.552274,19.389132,0.000000,0.134917,4.047209,0.017945
32.566017,19.417868,0.000000,0.123382,4.084319,0.021402
32.922852,19.414087,0.000000,0.124964,4.081543,0.017101
32.026388,19.519071,0.000000,0.133532,3.994552,0.017564
32.610984,19.470173,0.000000,0.131391,4.220969,0.017268
33.171198,19.374089,0.000000,0.132825,4.019100,0.017613
32.212338,19.401915,0.000000,0.134840,4.008685,0.017949
32.966531,19.379458,0.000000,0.134012,4.009986,0.019197
32.551975,19.379623,0.000000,0.133415,3.970033,0.017454
32.647316,19.355651,0.000000,0.122265,3.957353,0.019664
32.957867,19.337781,0.000000,0.134897,4.215651,0.016871
32.912018,19.338612,0.000000,0.133455,3.934337,0.017833
32.913732,19.472499,0.000000,0.136164,4.012753,0.017785
33.142056,19.470704,0.000000,0.132597,3.985641,0.019766
32.837455,19.448211,0.000000,0.134955,3.998451,0.017500
32.344910,19.449907,0.000000,0.132478,3.996518,0.018891
32.502550,19.409067,0.000000,0.135902,3.997058,0.018717
32.520540,19.386254,0.000000,0.124343,3.993178,0.017400
32.724542,19.430137,0.000000,0.132964,3.998563,0.018248
32.542769,19.411909,0.000000,0.134630,3.973075,0.017809
32.315092,19.387382,0.000000,0.133715,4.070768,0.017146
32.626279,19.436026,0.000000,0.123148,3.953866,0.017883
32.500546,19.393763,0.000000,0.124299,4.061488,0.021423
32.533890,19.383897,0.000000,0.120836,4.099688,0.019667
32.821113,19.444840,0.000000,0.133134,3.994834,0.017627
32.433220,19.441281,0.000000,0.122725,4.028495,0.017931
33.455707,19.472188,0.000000,0.136125,4.015927,0.017960
32.766264,19.426840,0.000000,0.134879,4.050890,0.021311
32.315302,19.383407,0.000000,0.134863,4.001345,0.017999
32.489615,19.370935,0.000000,0.135199,4.096130,0.018818
32.728948,19.443403,0.000000,0.134103,4.025294,0.016899
32.439723,19.445390,0.000000,0.134132,4.037953,0.018179
32.862686,19.424048,0.000000,0.134624,4.087790,0.018351
32.507791,19.446028,0.000000,0.122030,3.952699,0.022794
32.447943,19.477712,0.000000,0.123830,3.967918,0.018728
33.228804,19.477871,0.000000,0.121636,4.091663,0.018913
32.671108,19.458638,0.000000,0.124567,4.006052,0.017962
32.636870,19.435159,0.000000,0.133154,3.972886,0.017673
32.089391,19.376008,0.000000,0.134261,4.031634,0.017680
32.416661,19.385767,0.000000,0.133277,4.053063,0.019126
32.847496,19.490446,0.000000,0.134736,4.044952,0.019010
32.924231,19.381457,0.000000,0.124272,4.005076,0.017906
