24.133832,13.698212,0.000000,0.114534,6.840466,0.029852
24.014485,13.677251,0.000000,0.111696,6.791944,0.026703
24.503539,13.848414,0.000000,0.113273,6.721667,0.028372
24.004617,13.732529,0.000000,0.112471,6.726230,0.028264
24.252915,13.666268,0.000000,0.109927,6.703758,0.026367
23.863529,13.613348,0.000000,0.112746,6.627569,0.026038
24.077199,13.556791,0.000000,0.116889,6.648266,0.029918
24.260796,13.792346,0.000000,0.118356,6.986497,0.024927
24.126405,13.642500,0.000000,0.110886,6.930909,0.029032
24.234714,13.669379,0.000000,0.116218,7.052094,0.026903
24.725013,13.674841,0.000000,0.115763,6.823147,0.028435
24.139659,13.590317,0.000000,0.115115,6.793564,0.033117
24.352175,13.583119,0.000000,0.110877,6.880426,0.029357
23.992033,13.666972,0.000000,0.108088,6.746500,0.028781
24.310799,13.691958,0.000000,0.115667,6.904459,0.028960
24.094877,13.597921,0.000000,0.117106,6.679022,0.028289
24.456339,13.642709,0.000000,0.117892,6.654605,0.029890
23.983934,13.543103,0.000000,0.115987,6.618238,0.027049
23.939580,13.727173,0.000000,0.118192,6.806817,0.028497
23.984559,13.715071,0.000000,0.115913,6.771177,0.027901
24.405463,13.667580,0.000000,0.115385,6.954765,0.026231
24.558944,13.692436,0.000000,0.109813,6.916238,0.028853
24.127073,13.633676,0.000000,0.107933,6.818289,0.029348
23.969577,13.552810,0.000000,0.108889,6.829770,0.027704
24.520760,13.886646,0.000000,0.112036,6.650326,0.030798
24.007415,13.573400,0.000000,0.116472,6.829021,0.026290
24.058021,13.673964,0.000000,0.117679,6.832161,0.029336
24.687031,14.119021,0.000000,0.116129,6.848703,0.027304
24.236331,13.677779,0.000000,0.115822,7.096638,0.026090
24.502710,13.644959,0.000000,0.113588,6.850806,0.026256
25.126095,13.641397,0.000000,0.110631,7.054501,0.025508
24.892296,13.683898,0.000000,0.108976,6.851666,0.025669
24.102278,13.611399,0.000000,0.113565,6.956823,0.029135
24.257412,13.633385,0.000000,0.114292,6.827048,0.028469
23.946821,13.632804,0.000000,0.111515,6.834892,0.028410
24.343125,13.720053,0.000000,0.111277,6.894528,0.031230
24.326204,13.585285,0.000000,0.114291,6.861266,0.024247
24.103535,13.695118,0.000000,0.116286,6.822663,0.030663
24.180687,13.789013,0.000000,0.112781,6.807062,0.028603
24.566948,13.646300,0.000000,0.116170,6.878000,0.035495
23.860939,13.536963,0.000000,0.115499,6.772436,0.032304
24.057396,13.670683,0.000000,0.110481,6.847031,0.026916
23.975902,13.729532,0.000000,0.115205,6.694449,0.028786
24.266709,13.747977,0.000000,0.117701,6.892398,0.030614
24.132759,13.716729,0.000000,0.114070,6.832204,0.028404
23.942491,13.756625,0.000000,0.112867,6.795006,0.025015
24.108997,13.619169,0.000000,0.111592,6.938276,0.031051
24.065611,13.519509,0.000000,0.112755,6.935614,0.026574
24.237407,13.694451,0.000000,0.115977,6.560580,0.028510
24.155300,13.713167,0.000000,0.118982,6.950260,0.025971
32.327733,20.329354,0.000000,0.202407,8.082710,0.036039
32.237347,20.616752,0.000000,0.205202,7.593901,0.040011
31.822552,20.298432,0.000000,0.204844,7.553039,0.040577
32.009018,20.359411,0.000000,0.206285,7.602880,0.039200
32.322107,20.355519,0.000000,0.205713,7.926903,0.033646
31.781092,20.326761,0.000000,0.203172,7.499934,0.039020
32.168277,20.382294,0.000000,0.209873,7.750164,0.038945
32.648831,20.348111,0.000000,0.206409,8.151150,0.036170
31.780172,20.307214,0.000000,0.207224,7.206352,0.044625
31.699841,20.326433,0.000000,0.204757,7.359272,0.041845
32.204568,20.529521,0.000000,0.204157,7.610232,0.038610
31.277551,20.317382,0.000000,0.202079,7.017568,0.037176
31.818379,20.401221,0.000000,0.205426,7.460459,0.039510
32.279044,20.349015,0.000000,0.206023,7.720048,0.038753
31.302008,20.295716,0.000000,0.206135,7.044917,0.036290
32.417556,20.336071,0.000000,0.202353,7.704895,0.038104
31.621833,20.295493,0.000000,0.207666,7.363620,0.035299
31.764036,20.344299,0.000000,0.203545,7.551797,0.037537
32.048155,20.247197,0.000000,0.200972,7.362307,0.038528
32.039865,20.357140,0.000000,0.204139,7.631508,0.043416
32.337664,20.413022,0.000000,0.207739,7.623121,0.038476
32.268287,20.404279,0.000000,0.204765,7.807112,0.036094
32.027291,20.405734,0.000000,0.205521,7.676413,0.039128
31.594617,20.424415,0.000000,0.202707,7.250169,0.035649
31.936648,20.300566,0.000000,0.206875,7.419482,0.036627
31.477844,20.220906,0.000000,0.202054,7.166356,0.034442
32.077695,20.565204,0.000000,0.204058,7.310155,0.039789
31.685675,20.299086,0.000000,0.204189,7.280348,0.044080
31.468210,20.268972,0.000000,0.200687,7.136214,0.035943
31.753676,20.272049,0.000000,0.202512,7.578846,0.031661
31.592242,20.288743,0.000000,0.199120,7.211900,0.035274
31.652660,20.215193,0.000000,0.200691,7.313110,0.039790
32.214664,20.273815,0.000000,0.202239,7.601208,0.040597
31.529299,20.285087,0.000000,0.208434,7.316669,0.035121
32.323701,20.280046,0.000000,0.203404,7.778744,0.048588
31.861050,20.299251,0.000000,0.198852,7.419401,0.040843
31.397798,20.318141,0.000000,0.203463,7.064300,0.039037
31.654186,20.474062,0.000000,0.206295,7.410664,0.036471
31.749172,20.318605,0.000000,0.205434,7.529980,0.041411
31.537091,20.255132,0.000000,0.206322,7.368654,0.038870
31.851661,20.253587,0.000000,0.202670,7.394028,0.042793
31.591983,20.237559,0.000000,0.204483,7.262222,0.036906
31.479568,20.441583,0.000000,0.201758,7.161461,0.033218
32.094569,20.476285,0.000000,0.204108,7.621325,0.038220
31.736077,20.307507,0.000000,0.202662,7.486591,0.039064
32.052171,20.274004,0.000000,0.202035,7.416277,0.033225
31.398106,20.225906,0.000000,0.204167,6.880523,0.038987
32.163693,20.316175,0.000000,0.201665,7.368813,0.031358
31.824486,20.260456,0.000000,0.199278,7.528314,0.035705
31.985150,20.284927,0.000000,0.201357,7.668362,0.036121
54.106556,35.432157,0.000000,0.234147,7.994027,0.069233
54.466006,35.609110,0.000000,0.235811,8.293794,0.068751
54.083619,35.523125,0.000000,0.231739,7.926809,0.065998
54.330602,36.087211,0.000000,0.243110,8.122687,0.071051
54.904656,35.479478,0.000000,0.235514,8.347642,0.063800
54.596880,35.722613,0.000000,0.234388,8.131779,0.074873
54.432570,36.404761,0.000000,0.229549,8.186283,0.070522
54.201952,35.415763,0.000000,0.233037,8.004474,0.068211
55.067986,35.578054,0.000000,0.230781,8.256234,0.069347
54.262665,35.489856,0.000000,0.229580,7.881759,0.071697
54.204246,35.361400,0.000000,0.229600,7.970378,0.073464
54.172189,35.781704,0.000000,0.229831,7.895745,0.068082
54.594148,35.505549,0.000000,0.230020,8.139115,0.071387
54.339869,35.456892,0.000000,0.230602,8.125164,0.067971
54.142097,35.382204,0.000000,0.232781,8.040158,0.066931
54.114840,35.435880,0.000000,0.235831,7.948091,0.071083
54.042949,35.415303,0.000000,0.234444,7.981759,0.073146
54.258609,35.527143,0.000000,0.233387,8.125514,0.075814
54.923236,35.516406,0.000000,0.234580,8.253411,0.072069
54.395710,35.426856,0.000000,0.228716,8.068694,0.064336
54.314533,36.033728,0.000000,0.236271,8.110159,0.074813
54.751939,35.458125,0.000000,0.229507,8.094677,0.068802
54.191222,35.461550,0.000000,0.228906,8.082886,0.068439
54.539743,35.443553,0.000000,0.234597,8.365893,0.068623
54.545821,35.438414,0.000000,0.232155,8.100188,0.071155
54.814558,35.963839,0.000000,0.255776,8.259231,0.069540
54.381419,35.680150,0.000000,0.230500,8.384413,0.069523
54.360041,35.524854,0.000000,0.233009,8.029467,0.071068
54.396689,35.532458,0.000000,0.236249,7.897224,0.071154
54.255769,36.188685,0.000000,0.247348,8.025081,0.070700
54.133163,35.523526,0.000000,0.234961,8.194412,0.071015
54.498989,35.488930,0.000000,0.236061,8.196641,0.067201
54.496264,35.881308,0.000000,0.243247,8.270046,0.070249
55.109956,35.558529,0.000000,0.231478,8.061487,0.069678
54.568268,35.480617,0.000000,0.232512,8.066810,0.068250
54.305532,35.518997,0.000000,0.229530,8.120514,0.071376
54.264706,35.446634,0.000000,0.229606,7.989260,0.069031
54.581960,35.613090,0.000000,0.242934,8.407071,0.066683
55.056601,35.444706,0.000000,0.230836,8.109063,0.070826
55.172320,35.484192,0.000000,0.231823,8.281987,0.063434
54.407224,35.467835,0.000000,0.230380,8.175224,0.068296
54.136278,35.415891,0.000000,0.229333,8.009634,0.070509
54.730308,35.454689,0.000000,0.229977,8.125591,0.069702
54.491384,35.755703,0.000000,0.245243,8.190190,0.069665
54.315747,35.488533,0.000000,0.229734,8.144542,0.068864
54.236839,35.739913,0.000000,0.235919,8.075545,0.074932
54.370631,35.495207,0.000000,0.230885,8.129250,0.064112
54.071924,35.659032,0.000000,0.236537,8.030395,0.073533
54.084093,35.484991,0.000000,0.231538,8.113221,0.069023
54.371649,35.400231,0.000000,0.234241,8.333026,0.066138
