24.499989,13.567031,0.000000,0.120963,6.916970,0.038007
24.059498,13.498212,0.000000,0.122620,6.906595,0.037181
24.071507,13.496064,0.000000,0.118751,6.819383,0.036750
24.052455,13.606519,0.000000,0.124330,6.852698,0.036082
24.305443,13.498706,0.000000,0.121501,6.828382,0.037635
23.907370,13.479090,0.000000,0.121767,6.801845,0.037120
23.990909,13.467439,0.000000,0.122633,6.769459,0.041710
24.400536,13.463464,0.000000,0.119782,7.079487,0.037083
24.192071,13.483518,0.000000,0.121393,7.071299,0.037164
24.306828,13.570209,0.000000,0.123577,7.138767,0.038120
25.172197,13.489714,0.000000,0.120593,6.900399,0.036828
24.229717,13.748176,0.000000,0.124090,6.905685,0.044318
24.157226,13.469209,0.000000,0.121697,6.983006,0.041782
24.262613,13.459294,0.000000,0.119586,6.835987,0.036896
24.577188,13.462709,0.000000,0.121248,6.980496,0.042216
24.136960,13.443455,0.000000,0.119584,6.832555,0.035826
24.319864,13.481608,0.000000,0.123774,6.781692,0.037353
23.845753,13.520646,0.000000,0.121243,6.800777,0.034230
23.992921,13.539678,0.000000,0.123567,6.834280,0.041046
24.044631,13.528143,0.000000,0.121522,6.803938,0.039786
24.101327,13.510440,0.000000,0.122838,7.042606,0.037872
24.117887,13.469043,0.000000,0.122030,6.936879,0.038176
24.206811,13.451821,0.000000,0.121848,6.945200,0.037449
24.024354,13.382813,0.000000,0.121384,6.902629,0.043775
23.956427,13.364134,0.000000,0.121043,6.777036,0.039892
24.009351,13.458469,0.000000,0.123935,6.875456,0.037451
24.034825,13.511411,0.000000,0.123972,6.994366,0.038057
24.965405,13.515535,0.000000,0.119407,6.899856,0.039068
24.346716,13.466713,0.000000,0.120626,7.165787,0.033663
24.253425,13.554369,0.000000,0.123252,6.983334,0.045931
24.286772,13.481352,0.000000,0.120640,7.127635,0.038150
24.142437,13.583347,0.000000,0.122251,6.994469,0.034601
24.154423,13.489086,0.000000,0.120000,6.994025,0.036711
24.160205,13.502355,0.000000,0.124129,6.914228,0.036856
24.014307,13.521035,0.000000,0.123025,6.964014,0.041010
24.161741,13.476807,0.000000,0.122921,7.052597,0.039743
24.405593,13.485806,0.000000,0.114786,6.935921,0.036748
24.070538,13.512572,0.000000,0.122504,6.926705,0.039092
24.260105,13.563986,0.000000,0.124282,6.876386,0.037143
24.102622,13.453059,0.000000,0.122626,6.959183,0.047212
23.917361,13.429244,0.000000,0.122356,6.859420,0.041098
24.076340,13.546428,0.000000,0.120607,6.893811,0.034430
24.065766,13.537302,0.000000,0.122742,6.805543,0.037040
24.262610,13.436268,0.000000,0.120806,6.979108,0.038712
24.605449,13.576533,0.000000,0.119746,6.899702,0.036229
23.987343,13.524951,0.000000,0.123318,6.928104,0.037086
24.146061,13.461619,0.000000,0.122162,7.051329,0.043491
24.134907,13.440388,0.000000,0.122217,7.084305,0.037871
24.132317,13.537689,0.000000,0.123045,6.746720,0.036657
24.190654,13.516801,0.000000,0.123502,6.975873,0.037728
32.639866,20.293836,0.000000,0.153270,8.069889,0.048878
32.045384,20.289732,0.000000,0.139250,7.540137,0.045264
32.188508,20.296223,0.000000,0.138405,7.593542,0.055048
31.968105,20.293882,0.000000,0.142666,7.610731,0.052460
32.344431,20.365211,0.000000,0.138756,7.967819,0.045649
31.749058,20.275064,0.000000,0.154522,7.518368,0.052323
32.232520,20.310641,0.000000,0.193988,7.755877,0.051774
32.551045,20.344040,0.000000,0.143708,8.240188,0.049251
32.605538,20.291795,0.000000,0.191322,7.277784,0.062835
31.798593,20.271444,0.000000,0.145913,7.392473,0.054235
32.151362,20.310456,0.000000,0.139222,7.661032,0.059323
31.236736,20.379309,0.000000,0.143112,7.061707,0.049107
32.285796,20.371628,0.000000,0.153389,7.405124,0.052376
32.266484,20.318216,0.000000,0.141617,7.723304,0.053039
31.287640,20.258356,0.000000,0.149021,7.083633,0.049499
32.036957,20.306687,0.000000,0.139872,7.746618,0.051266
31.585953,20.283107,0.000000,0.143768,7.344375,0.040199
31.781737,20.254674,0.000000,0.142109,7.551367,0.048438
31.969311,20.272813,0.000000,0.142460,7.341042,0.050381
31.995940,20.259657,0.000000,0.142492,7.671171,0.056436
31.974448,20.301196,0.000000,0.205772,7.700363,0.053491
32.290280,20.251771,0.000000,0.141451,7.834165,0.049298
31.981242,20.311291,0.000000,0.144357,7.690911,0.059451
31.580620,20.397659,0.000000,0.140739,7.349501,0.049037
31.868887,20.330303,0.000000,0.212058,7.465116,0.052504
31.422730,20.254404,0.000000,0.142143,7.180657,0.046235
31.839886,20.294659,0.000000,0.144013,7.347762,0.053148
31.708225,20.326318,0.000000,0.145293,7.315527,0.056256
31.460063,20.236701,0.000000,0.142961,7.183225,0.049536
31.932277,20.244882,0.000000,0.141654,7.560595,0.042401
31.565883,20.300549,0.000000,0.141182,7.311967,0.048363
31.909772,20.271785,0.000000,0.138722,7.411646,0.052478
32.083345,20.239249,0.000000,0.140750,7.686013,0.045664
31.514551,20.266816,0.000000,0.153610,7.300557,0.047380
32.305327,20.295366,0.000000,0.200564,7.811573,0.055327
31.995387,20.264237,0.000000,0.142306,7.436149,0.053838
31.359367,20.301565,0.000000,0.141630,7.113908,0.050019
31.644196,20.323110,0.000000,0.151458,7.449364,0.049841
31.708585,20.254227,0.000000,0.140865,7.552862,0.054377
31.519030,20.318815,0.000000,0.140666,7.366439,0.051974
31.830424,20.217918,0.000000,0.140047,7.435780,0.057540
31.757470,20.267274,0.000000,0.143422,7.242982,0.049983
31.640728,20.205278,0.000000,0.142830,7.199543,0.043276
32.081438,20.231344,0.000000,0.139759,7.613233,0.051683
31.750055,20.283585,0.000000,0.140828,7.522363,0.051861
31.663722,20.299043,0.000000,0.141529,7.440830,0.045019
31.259268,20.237912,0.000000,0.154794,6.935188,0.044374
31.573416,20.255592,0.000000,0.140921,7.363569,0.041534
32.047853,20.207880,0.000000,0.137380,7.537060,0.048535
31.975841,20.263946,0.000000,0.142897,7.690112,0.048757
