24.155902,13.487235,0.000000,0.119167,6.880083,0.033540
24.044279,13.494298,0.000000,0.118129,6.851321,0.033705
24.085207,13.432829,0.000000,0.119265,6.810167,0.035462
24.061093,13.483288,0.000000,0.122013,6.823307,0.035488
24.272092,13.460096,0.000000,0.120017,6.804516,0.033872
23.864556,13.400773,0.000000,0.119932,6.750100,0.032989
24.839122,13.393969,0.000000,0.119935,6.761964,0.037236
24.248711,13.454327,0.000000,0.120729,7.006850,0.032120
24.148545,13.474411,0.000000,0.117187,7.058950,0.032634
24.511641,13.418269,0.000000,0.119438,7.123324,0.034255
24.666575,13.390393,0.000000,0.121302,6.892919,0.032816
24.436573,13.318700,0.000000,0.117931,6.870915,0.042169
24.129705,13.473246,0.000000,0.119043,6.932738,0.036719
24.183438,13.479678,0.000000,0.117888,6.825897,0.032612
24.094539,13.397641,0.000000,0.118862,6.948221,0.037851
24.326243,13.359829,0.000000,0.118794,6.788920,0.034223
24.264576,13.441446,0.000000,0.121974,6.713821,0.036426
23.816637,13.462873,0.000000,0.117408,6.734936,0.034874
23.957453,13.490959,0.000000,0.121115,6.837398,0.036407
23.981046,13.463193,0.000000,0.120011,6.823373,0.037186
24.192057,13.454488,0.000000,0.120273,6.935795,0.033958
24.106889,13.511297,0.000000,0.119749,6.934347,0.033470
24.335791,13.362802,0.000000,0.119461,6.869304,0.035859
24.950589,13.329312,0.000000,0.116843,6.894176,0.037910
23.954098,13.379748,0.000000,0.119716,6.700745,0.035314
23.980495,13.377549,0.000000,0.121255,6.816887,0.033363
24.030977,13.402506,0.000000,0.121848,6.983150,0.033631
24.675672,13.370263,0.000000,0.116863,6.893205,0.035124
24.241993,13.393820,0.000000,0.118213,7.144413,0.033330
24.216290,13.451027,0.000000,0.119545,6.942372,0.034493
24.251188,13.392634,0.000000,0.119996,7.104266,0.033390
24.039446,13.461114,0.000000,0.120096,6.988223,0.034284
24.116232,13.376617,0.000000,0.119446,6.978856,0.037784
24.124389,13.436801,0.000000,0.119451,6.901422,0.034963
23.955976,13.384261,0.000000,0.116434,6.947235,0.036046
24.122547,13.412259,0.000000,0.121003,7.008119,0.035332
24.633918,13.327789,0.000000,0.117902,6.876947,0.032858
24.024760,13.369123,0.000000,0.119773,6.873252,0.038196
24.210284,13.467571,0.000000,0.120815,6.853001,0.032915
24.057408,13.493513,0.000000,0.121041,6.920774,0.041537
23.906724,13.447366,0.000000,0.119951,6.846447,0.036307
24.035051,13.434354,0.000000,0.119372,6.892555,0.030656
23.978176,13.470150,0.000000,0.119978,6.770440,0.033064
24.174860,13.430044,0.000000,0.120335,6.898426,0.037260
24.139097,13.418064,0.000000,0.120266,6.880851,0.035115
24.535668,13.572647,0.000000,0.117470,6.902014,0.032798
24.120831,13.380612,0.000000,0.119020,6.962935,0.040026
24.101427,13.309532,0.000000,0.119944,7.050020,0.033525
24.091148,13.453823,0.000000,0.120622,6.686236,0.035220
24.162939,13.430550,0.000000,0.121471,6.951507,0.033556
32.781348,19.527940,0.000000,0.212486,8.105663,0.043438
32.047019,19.521699,0.000000,0.212781,7.537983,0.047323
31.992184,19.491578,0.000000,0.235414,7.567025,0.048460
31.924076,19.475991,0.000000,0.216902,7.639589,0.046756
32.270447,19.513137,0.000000,0.215146,7.955567,0.045318
32.013094,19.430664,0.000000,0.226220,7.525247,0.046280
32.037674,19.506095,0.000000,0.219680,7.775494,0.046111
32.529094,19.458903,0.000000,0.218388,8.234023,0.043528
31.856791,19.440912,0.000000,0.230103,7.264418,0.055014
32.107600,19.449777,0.000000,0.214039,7.405650,0.048866
32.023914,19.509767,0.000000,0.221625,7.671362,0.046574
31.205731,19.445730,0.000000,0.213563,7.046640,0.049309
31.857595,19.503169,0.000000,0.213863,7.436030,0.046783
32.247637,19.498032,0.000000,0.225094,7.771006,0.046820
31.271193,19.471074,0.000000,0.227406,7.083605,0.043853
32.002965,19.522105,0.000000,0.216940,7.713324,0.045968
31.587635,19.475607,0.000000,0.229263,7.392330,0.041947
32.453008,19.478991,0.000000,0.212768,7.556127,0.048634
32.150862,19.454271,0.000000,0.221880,7.329757,0.045180
32.283763,19.679474,0.000000,0.227999,7.664113,0.050680
31.972012,19.425935,0.000000,0.231309,7.673814,0.046979
32.944737,19.434579,0.000000,0.220640,7.847166,0.043420
31.999238,19.411691,0.000000,0.228678,7.709528,0.046539
32.248272,19.515984,0.000000,0.213023,7.242265,0.043294
31.611936,19.457747,0.000000,0.219497,7.468694,0.051667
31.392438,19.353707,0.000000,0.227181,7.158170,0.046912
31.791999,19.463759,0.000000,0.214627,7.329268,0.047438
31.816879,19.389052,0.000000,0.225494,7.317111,0.050589
31.446274,19.507746,0.000000,0.217797,7.143484,0.043626
31.755245,19.460824,0.000000,0.211055,7.632348,0.044665
31.513997,19.454188,0.000000,0.208634,7.282218,0.042685
31.623291,19.418811,0.000000,0.227338,7.413806,0.046702
31.991470,19.474236,0.000000,0.224717,7.661626,0.047618
31.498894,19.521432,0.000000,0.228672,7.329080,0.047517
32.305151,19.470424,0.000000,0.213122,7.815513,0.049801
31.766416,19.434942,0.000000,0.214592,7.464545,0.048141
31.393658,19.432388,0.000000,0.218824,7.115089,0.045355
31.602195,19.476106,0.000000,0.225576,7.443050,0.044047
31.723991,19.472018,0.000000,0.219480,7.540115,0.048785
31.566072,19.410432,0.000000,0.217119,7.281929,0.046193
31.818448,19.424446,0.000000,0.214136,7.462607,0.050992
31.544102,19.406577,0.000000,0.211791,7.235166,0.048941
31.620198,19.390641,0.000000,0.213732,7.231986,0.044718
32.017457,19.384131,0.000000,0.213544,7.643331,0.045715
31.900748,19.528379,0.000000,0.216336,7.520352,0.046106
31.787158,19.431729,0.000000,0.215705,7.426958,0.045200
31.325742,19.407713,0.000000,0.222947,6.933580,0.046435
31.822032,19.449765,0.000000,0.216096,7.362792,0.042068
31.821371,19.775830,0.000000,0.216130,7.541411,0.043034
31.889595,19.424677,0.000000,0.225966,7.628527,0.048724
