4.440084,1.905777,0.000000,0.020086,1.201488,0.005445
4.126134,1.915548,0.000000,0.019288,1.166604,0.007885
4.241016,1.922950,0.000000,0.020114,1.129570,0.005349
4.301441,1.897501,0.000000,0.018778,1.147928,0.006077
4.340890,1.901551,0.000000,0.020712,1.160075,0.005616
4.545490,1.916833,0.000000,0.019735,1.140277,0.006223
4.273573,1.897740,0.000000,0.020002,1.157059,0.006213
4.231720,1.925986,0.000000,0.020304,1.172216,0.004792
4.326507,1.902824,0.000000,0.019041,1.263269,0.005059
4.139762,1.910971,0.000000,0.020588,1.078376,0.006085
4.124710,1.971345,0.000000,0.020852,1.225066,0.005011
4.223754,1.888215,0.000000,0.020100,1.263912,0.006171
4.888717,1.877093,0.000000,0.017813,1.239463,0.005544
4.445055,1.897294,0.000000,0.020310,1.182441,0.005978
4.153101,1.932310,0.000000,0.020285,1.201457,0.005112
4.115139,1.919627,0.000000,0.020706,1.153962,0.006237
4.183539,1.890927,0.000000,0.019951,1.173228,0.005809
4.225801,1.912871,0.000000,0.020067,1.244395,0.006146
4.237026,1.927941,0.000000,0.020826,1.172704,0.006590
4.138183,1.922876,0.000000,0.020168,1.158180,0.005839
4.409076,1.901776,0.000000,0.020074,1.174733,0.005014
4.281261,1.941522,0.000000,0.020134,1.186101,0.004908
4.125091,1.932581,0.000000,0.022557,1.153678,0.006196
4.149294,1.888706,0.000000,0.019533,1.175477,0.005958
4.152716,1.929869,0.000000,0.022272,1.150621,0.005737
4.138480,1.896439,0.000000,0.019969,1.241871,0.005931
4.358394,1.912389,0.000000,0.019843,1.181664,0.005530
4.276657,1.908370,0.000000,0.021083,1.170017,0.005365
4.152173,1.935548,0.000000,0.020288,1.180537,0.005955
4.353608,1.889129,0.000000,0.020125,1.215675,0.005410
4.121764,1.897061,0.000000,0.019264,1.174479,0.005966
4.269548,1.912207,0.000000,0.019970,1.253846,0.007030
4.115085,1.893262,0.000000,0.019782,1.241434,0.004772
4.130748,1.902114,0.000000,0.020127,1.186518,0.005740
4.470184,1.898375,0.000000,0.018830,1.179196,0.004868
4.101285,1.894249,0.000000,0.020480,1.145028,0.005262
4.380208,1.915608,0.000000,0.020571,1.142239,0.005708
4.339280,1.932994,0.000000,0.020264,1.236423,0.006103
4.476664,1.891150,0.000000,0.018602,1.201628,0.005114
4.124470,1.922757,0.000000,0.020394,1.185975,0.004665
4.111276,1.921483,0.000000,0.020238,1.180749,0.007445
4.111597,1.908262,0.000000,0.019827,1.224309,0.006615
4.362526,1.904243,0.000000,0.020419,1.231093,0.006047
5.180615,1.887703,0.000000,0.018958,1.207111,0.005172
4.319739,1.913090,0.000000,0.021194,1.136162,0.004842
4.447031,1.901898,0.000000,0.020569,1.113667,0.006003
4.126401,1.895770,0.000000,0.020571,1.147760,0.006004
4.098836,1.925158,0.000000,0.020960,1.192089,0.005657
4.326158,1.898404,0.000000,0.020421,1.194424,0.005730
4.186883,1.919989,0.000000,0.018959,1.231802,0.005976
4.687409,2.394373,0.000000,0.038371,1.174070,0.004984
4.555632,2.412796,0.000000,0.043117,1.244393,0.004680
4.714676,2.434231,0.000000,0.043351,1.268286,0.004618
4.964378,2.397276,0.000000,0.042500,1.153720,0.004690
4.498253,2.417261,0.000000,0.041274,1.112411,0.005201
4.556408,2.438508,0.000000,0.039176,1.080877,0.004380
4.883044,2.381534,0.000000,0.040034,1.097242,0.004578
4.523456,2.425586,0.000000,0.043958,1.170673,0.004726
4.573955,2.428695,0.000000,0.042879,1.130581,0.004672
4.828673,2.414962,0.000000,0.042619,1.140366,0.004822
5.444684,2.381938,0.000000,0.036133,1.145167,0.004535
5.442398,2.396129,0.000000,0.037012,1.100631,0.004428
4.514076,2.403750,0.000000,0.044723,1.183874,0.004750
4.538811,2.401576,0.000000,0.039792,1.105685,0.005081
4.557298,2.394329,0.000000,0.042014,1.234875,0.004735
4.545746,2.395783,0.000000,0.043495,1.189530,0.004728
4.820684,2.404600,0.000000,0.042396,1.162710,0.004508
4.708731,2.410352,0.000000,0.041155,1.156502,0.005950
4.679153,2.396847,0.000000,0.040346,1.125094,0.004407
4.502646,2.394727,0.000000,0.040880,1.165346,0.004654
4.502043,2.416288,0.000000,0.042815,1.248723,0.004430
4.564439,2.431330,0.000000,0.044076,1.110951,0.004945
4.525496,2.428258,0.000000,0.042096,1.080125,0.004689
4.584742,2.438815,0.000000,0.041927,1.171358,0.004582
4.574524,2.405644,0.000000,0.043939,1.224473,0.004498
4.623315,2.413513,0.000000,0.042619,1.166825,0.004675
4.588663,2.391475,0.000000,0.041744,1.135169,0.004920
4.548938,2.394747,0.000000,0.041477,1.186269,0.004565
4.565666,2.414824,0.000000,0.044991,1.121592,0.004402
4.568985,2.423916,0.000000,0.042935,1.032749,0.004763
5.030408,2.471713,0.000000,0.038080,1.226321,0.004327
4.684752,2.407390,0.000000,0.041774,1.022433,0.004413
4.905899,2.395147,0.000000,0.040657,1.200048,0.004647
5.038547,2.393096,0.000000,0.040987,1.201953,0.004792
4.675202,2.392342,0.000000,0.042368,1.164622,0.004977
4.637933,2.407277,0.000000,0.043499,1.161173,0.005027
4.568351,2.408105,0.000000,0.042344,1.151249,0.004338
4.481983,2.388924,0.000000,0.041864,1.136567,0.004581
4.553825,2.422136,0.000000,0.043771,1.073347,0.004669
4.607371,2.440019,0.000000,0.043445,1.125246,0.004603
4.519214,2.379260,0.000000,0.043064,1.109669,0.004742
4.503243,2.425917,0.000000,0.041151,1.078777,0.004615
4.520952,2.413938,0.000000,0.041388,1.156111,0.005039
4.781297,2.388571,0.000000,0.043851,1.160209,0.004904
4.537880,2.391751,0.000000,0.043331,1.264121,0.004754
4.926021,2.403856,0.000000,0.041062,1.092120,0.004795
4.547734,2.410601,0.000000,0.040521,1.092304,0.004481
4.513639,2.430260,0.000000,0.042322,0.983173,0.004485
5.370337,2.399253,0.000000,0.041467,1.081715,0.004732
4.509720,2.409998,0.000000,0.044045,1.160389,0.004742
5.903782,3.297617,0.000000,0.091604,1.444439,0.003785
5.883925,3.323994,0.000000,0.093537,1.423231,0.003824
5.800334,3.332620,0.000000,0.097644,1.389004,0.003796
6.163886,3.320181,0.000000,0.105572,1.464828,0.003795
6.061793,3.338506,0.000000,0.095883,1.395652,0.003848
5.914684,3.347684,0.000000,0.093243,1.475309,0.003737
5.849817,3.332374,0.000000,0.070928,1.398527,0.003701
5.887242,3.311394,0.000000,0.096416,1.477225,0.004010
5.931109,3.329347,0.000000,0.099400,1.467634,0.003730
5.884413,3.330975,0.000000,0.107079,1.472698,0.003805
6.421069,3.315991,0.000000,0.089989,1.404916,0.003890
5.874224,3.301701,0.000000,0.098332,1.451347,0.003959
6.145390,3.313452,0.000000,0.092489,1.492194,0.003760
6.013751,3.290437,0.000000,0.100947,1.450579,0.003987
5.870249,3.339888,0.000000,0.096035,1.467856,0.003681
5.946495,3.370482,0.000000,0.104731,1.485185,0.003793
5.808975,3.326879,0.000000,0.094966,1.453564,0.003559
5.869817,3.346941,0.000000,0.097427,1.427690,0.003741
6.038295,3.327727,0.000000,0.094619,1.469015,0.003840
6.273967,3.314984,0.000000,0.092174,1.452149,0.003727
5.792508,3.378564,0.000000,0.101179,1.347716,0.003669
5.839632,3.328219,0.000000,0.091128,1.395324,0.003923
5.818805,3.318525,0.000000,0.101642,1.403412,0.003542
5.933962,3.330297,0.000000,0.096729,1.505309,0.003883
5.891870,3.317997,0.000000,0.096224,1.371989,0.003724
5.966454,3.344608,0.000000,0.104192,1.331838,0.003882
5.868176,3.310032,0.000000,0.094811,1.458339,0.003800
6.116773,3.321723,0.000000,0.093052,1.389413,0.003664
5.859107,3.370617,0.000000,0.093175,1.393137,0.003696
5.898376,3.345495,0.000000,0.092586,1.425153,0.004086
6.514637,3.299314,0.000000,0.091302,1.498077,0.003682
5.938614,3.307511,0.000000,0.091159,1.459420,0.003919
6.257112,3.340593,0.000000,0.095327,1.463875,0.003886
5.928487,3.331265,0.000000,0.093403,1.440946,0.003774
6.059746,3.321512,0.000000,0.091927,1.375459,0.003736
5.876506,3.317668,0.000000,0.094436,1.492524,0.003808
5.800547,3.299448,0.000000,0.098360,1.452078,0.003946
5.929721,3.333692,0.000000,0.100359,1.455131,0.003811
5.865264,3.321120,0.000000,0.096617,1.427862,0.003751
5.880231,3.371566,0.000000,0.097090,1.451466,0.003774
5.905528,3.328639,0.000000,0.096935,1.291804,0.003967
5.972746,3.324971,0.000000,0.107680,1.450938,0.003927
6.336601,3.292444,0.000000,0.097726,1.421999,0.003803
6.055657,3.338497,0.000000,0.069741,1.438005,0.003719
5.795204,3.348361,0.000000,0.091969,1.297693,0.003707
5.909670,3.326947,0.000000,0.101820,1.526614,0.003787
5.853005,3.304649,0.000000,0.093474,1.422098,0.003601
5.951984,3.334195,0.000000,0.098919,1.482589,0.003865
5.943731,3.381144,0.000000,0.092640,1.451748,0.003644
5.921032,3.343943,0.000000,0.101017,1.419031,0.003759
6.527621,4.639220,0.000000,0.133502,1.105912,0.006394
6.724781,4.688995,0.000000,0.133942,1.112121,0.005952
6.606235,4.665674,0.000000,0.138616,1.138584,0.006327
6.459928,4.594863,0.000000,0.132751,1.118371,0.005986
6.546342,4.655693,0.000000,0.137297,1.138150,0.006275
6.574714,4.670463,0.000000,0.137520,1.115818,0.006314
6.584265,4.661313,0.000000,0.133862,1.135517,0.006203
6.613561,4.673578,0.000000,0.139259,1.159930,0.006225
6.756288,4.654231,0.000000,0.133627,1.112508,0.006239
6.600071,4.656008,0.000000,0.138445,1.114596,0.006254
6.551650,4.648620,0.000000,0.133156,1.129451,0.006173
6.553173,4.672530,0.000000,0.136479,1.133373,0.006293
6.797666,4.645387,0.000000,0.132076,1.134890,0.006219
6.554386,4.642549,0.000000,0.133178,1.097519,0.006299
6.545490,4.641010,0.000000,0.134987,1.122646,0.006258
6.486288,4.587620,0.000000,0.133348,1.110784,0.006256
6.760444,4.662707,0.000000,0.134044,1.124124,0.006313
6.710597,4.645744,0.000000,0.134389,1.095702,0.006382
6.753711,4.627302,0.000000,0.133387,1.140530,0.006156
6.570134,4.654699,0.000000,0.137192,1.167343,0.006596
6.581019,4.635804,0.000000,0.187964,1.137219,0.006273
6.558970,4.653491,0.000000,0.136225,1.101876,0.006247
6.554024,4.652731,0.000000,0.134113,1.155505,0.006119
6.583080,4.682304,0.000000,0.133617,1.127198,0.006015
6.809904,4.678069,0.000000,0.136609,1.137730,0.006285
6.678188,4.629354,0.000000,0.133383,1.149135,0.006334
6.553235,4.663197,0.000000,0.139373,1.134769,0.006303
6.609956,4.655027,0.000000,0.135359,1.121959,0.006714
6.646614,4.626859,0.000000,0.133299,1.158747,0.006183
6.545489,4.642787,0.000000,0.139215,1.133694,0.006207
6.672033,4.660996,0.000000,0.134361,1.151791,0.006414
6.572770,4.653206,0.000000,0.135052,1.122808,0.006107
6.595853,4.633384,0.000000,0.133810,1.104253,0.006464
6.589684,4.639254,0.000000,0.133746,1.173224,0.006306
6.629706,4.668829,0.000000,0.133122,1.153412,0.006323
6.626264,4.685576,0.000000,0.133286,1.136340,0.006078
6.573555,4.654336,0.000000,0.135410,1.125210,0.006357
6.537072,4.675806,0.000000,0.136391,1.112941,0.006250
6.554964,4.654723,0.000000,0.133126,1.133543,0.006444
6.646045,4.639813,0.000000,0.134190,1.147429,0.006225
6.491344,4.645739,0.000000,0.136422,1.099450,0.006371
6.549017,4.655159,0.000000,0.139804,1.134903,0.006367
6.558449,4.636563,0.000000,0.132757,1.138519,0.006234
6.755427,4.636555,0.000000,0.133041,1.152354,0.006219
6.812567,4.634592,0.000000,0.134353,1.116230,0.007188
6.579514,4.640648,0.000000,0.185081,1.077292,0.006328
6.583056,4.659663,0.000000,0.135232,1.129724,0.006076
6.572963,4.654111,0.000000,0.135628,1.129590,0.006212
6.543223,4.646855,0.000000,0.135940,1.122294,0.006277
6.706188,4.655785,0.000000,0.133555,1.128342,0.006285
8.351665,6.949193,0.000000,0.264347,0.641220,0.010190
8.439257,6.968999,0.000000,0.373267,0.652179,0.010146
8.519923,6.949840,0.000000,0.380881,0.645158,0.010158
8.465755,6.923912,0.000000,0.259342,0.643577,0.010470
8.244873,6.934715,0.000000,0.264322,0.646114,0.010159
8.825179,7.389618,0.000000,0.380056,0.653340,0.009993
8.431917,7.027767,0.000000,0.267982,0.654054,0.010134
8.391789,6.949757,0.000000,0.271827,0.642107,0.010712
8.454922,6.899432,0.000000,0.258197,0.632503,0.010029
8.434039,6.960038,0.000000,0.371673,0.649332,0.010300
8.438872,6.972696,0.000000,0.377243,0.643332,0.010194
8.401144,6.943462,0.000000,0.374767,0.641717,0.010072
8.484872,6.961628,0.000000,0.293909,0.648875,0.010610
8.356826,6.954264,0.000000,0.373314,0.649557,0.010072
8.313003,6.935198,0.000000,0.262492,0.642053,0.010559
8.433352,6.967603,0.000000,0.375804,0.647189,0.010148
9.076575,6.946497,0.000000,0.258130,0.671983,0.010576
8.444662,6.938931,0.000000,0.381384,0.651357,0.010224
8.377960,6.958022,0.000000,0.378697,0.643396,0.010133
8.400130,6.985226,0.000000,0.271891,0.646300,0.010312
8.819646,7.417750,0.000000,0.385355,0.642315,0.010112
8.355696,6.926919,0.000000,0.373580,0.648324,0.010110
8.401456,6.918332,0.000000,0.263402,0.641127,0.010747
8.420842,7.023983,0.000000,0.381303,0.641182,0.009998
8.630169,6.977572,0.000000,0.263263,0.644320,0.010570
8.415613,6.972611,0.000000,0.381178,0.652760,0.010160
8.354798,7.060037,0.000000,0.266576,0.651474,0.010192
8.343947,6.931581,0.000000,0.266024,0.644991,0.010131
8.367377,6.928055,0.000000,0.375703,0.642483,0.010056
8.385911,6.921930,0.000000,0.372940,0.650542,0.010367
8.397918,6.934244,0.000000,0.267834,0.643852,0.010720
8.401884,6.959079,0.000000,0.375137,0.644401,0.010406
8.355954,6.923458,0.000000,0.385486,0.646328,0.010051
8.456004,7.052776,0.000000,0.374954,0.649133,0.009925
8.498236,7.109146,0.000000,0.312916,0.634280,0.010031
8.422754,6.893991,0.000000,0.367701,0.646781,0.010371
8.336639,6.936323,0.000000,0.261465,0.654477,0.010369
8.599809,7.141976,0.000000,0.379415,0.645439,0.010200
8.458027,6.942528,0.000000,0.262775,0.656567,0.010356
8.474930,6.953777,0.000000,0.270213,0.643626,0.010982
8.432430,6.952533,0.000000,0.377945,0.638700,0.010225
8.343162,6.928478,0.000000,0.376091,0.639839,0.010262
8.428700,6.966804,0.000000,0.265121,0.664537,0.010346
8.466401,6.983227,0.000000,0.265714,0.656511,0.010483
8.444536,7.004300,0.000000,0.264982,0.645228,0.010308
8.395323,6.943095,0.000000,0.374042,0.645281,0.010397
8.398269,6.937989,0.000000,0.373103,0.649223,0.010193
8.405211,6.952150,0.000000,0.265744,0.646259,0.010707
8.505888,6.937491,0.000000,0.369580,0.633938,0.010559
8.473496,6.988091,0.000000,0.385532,0.646212,0.010410
