4.205775,2.011924,0.000000,0.019507,1.322447,0.006148
4.221888,2.014157,0.000000,0.019255,1.305187,0.008091
4.911466,1.962756,0.000000,0.018327,1.278147,0.005848
4.314878,2.018488,0.000000,0.019694,1.272789,0.006397
4.211910,1.970827,0.000000,0.019908,1.289956,0.006036
4.359273,2.020728,0.000000,0.019127,1.289394,0.006775
4.290302,2.010481,0.000000,0.019679,1.259672,0.006774
4.403712,1.995778,0.000000,0.019022,1.322372,0.005481
4.333854,2.003778,0.000000,0.019598,1.317701,0.005789
4.123746,2.030901,0.000000,0.021485,1.283107,0.006847
4.134427,2.025583,0.000000,0.019854,1.295534,0.005571
4.459440,1.992190,0.000000,0.018965,1.292239,0.006374
4.714866,1.983172,0.000000,0.017583,1.300718,0.006219
4.406395,2.014334,0.000000,0.019650,1.255387,0.006492
4.374127,1.966112,0.000000,0.018830,1.294799,0.005732
4.114378,2.013192,0.000000,0.020986,1.314315,0.006677
4.433917,2.010623,0.000000,0.018894,1.325184,0.006306
4.160130,2.018482,0.000000,0.019823,1.309564,0.007194
4.274932,2.005887,0.000000,0.020142,1.331494,0.007064
4.183003,1.968621,0.000000,0.019604,1.263696,0.006497
4.499627,2.001424,0.000000,0.019792,1.282613,0.005747
4.131361,2.028943,0.000000,0.020823,1.339093,0.005459
4.142735,2.042714,0.000000,0.020702,1.288548,0.006595
5.095143,1.968302,0.000000,0.017237,1.320322,0.006650
4.301266,2.000035,0.000000,0.018770,1.306561,0.006368
4.143904,1.971739,0.000000,0.018843,1.336868,0.006607
4.174897,2.016786,0.000000,0.021774,1.287320,0.005352
4.479594,2.224113,0.000000,0.019499,1.262026,0.005803
4.188682,2.002243,0.000000,0.020380,1.284780,0.006415
4.125623,2.036399,0.000000,0.021492,1.281737,0.005724
4.245977,2.002457,0.000000,0.019199,1.298468,0.006593
4.374321,2.000630,0.000000,0.020418,1.267831,0.007927
4.123872,1.988481,0.000000,0.019667,1.309529,0.005279
4.151668,2.037731,0.000000,0.021405,1.287402,0.006284
4.196277,2.036362,0.000000,0.020104,1.268455,0.005651
4.092363,2.024577,0.000000,0.020699,1.270829,0.005781
4.269569,2.030436,0.000000,0.020926,1.280575,0.006448
4.158305,2.024159,0.000000,0.021056,1.351504,0.006374
4.148741,2.019765,0.000000,0.020741,1.312064,0.005893
4.144819,1.978534,0.000000,0.019188,1.296054,0.005396
4.206798,1.982918,0.000000,0.019005,1.278348,0.007920
4.306485,1.959479,0.000000,0.018486,1.286225,0.007234
4.376004,1.993461,0.000000,0.018713,1.339683,0.006646
4.277192,1.983022,0.000000,0.021091,1.320806,0.005928
4.448320,1.969465,0.000000,0.019443,1.316162,0.005465
4.266024,2.025243,0.000000,0.019469,1.273378,0.006524
4.977248,1.964724,0.000000,0.018003,1.302534,0.006444
4.153490,1.965345,0.000000,0.019930,1.275470,0.006454
4.281755,2.033304,0.000000,0.019416,1.321173,0.006334
4.246174,1.972960,0.000000,0.017815,1.313986,0.006474
4.498375,2.262887,0.000000,0.045243,1.328601,0.005133
4.517599,2.204305,0.000000,0.043794,1.401179,0.005031
5.011494,2.207084,0.000000,0.037749,1.406651,0.005544
4.564778,2.246435,0.000000,0.044849,1.413687,0.004976
4.461016,2.255371,0.000000,0.043656,1.325888,0.005158
4.567339,2.214353,0.000000,0.042180,1.387716,0.005391
4.482785,2.254772,0.000000,0.044591,1.331435,0.005163
4.484232,2.269764,0.000000,0.046244,1.346538,0.005419
4.834964,2.221245,0.000000,0.038916,1.394708,0.005183
4.824034,2.223974,0.000000,0.026946,1.372837,0.005309
4.806428,2.228957,0.000000,0.039487,1.376384,0.004820
4.778372,2.219677,0.000000,0.040888,1.386475,0.005466
4.715999,2.236633,0.000000,0.038563,1.370822,0.005048
4.500500,2.272074,0.000000,0.046621,1.367971,0.006641
4.509358,2.272159,0.000000,0.039112,1.363500,0.005807
4.507490,2.258581,0.000000,0.045304,1.379851,0.005312
4.802035,2.257645,0.000000,0.042043,1.306766,0.005107
4.481772,2.259521,0.000000,0.040591,1.336425,0.006213
4.512976,2.258220,0.000000,0.045951,1.385722,0.005397
4.459876,2.245510,0.000000,0.039202,1.359907,0.005932
4.469624,2.200288,0.000000,0.044828,1.339513,0.005039
4.752852,2.203233,0.000000,0.041011,1.418547,0.005164
4.557852,2.253666,0.000000,0.038455,1.355958,0.005171
4.501632,2.260424,0.000000,0.041698,1.367520,0.005317
4.548036,2.285114,0.000000,0.039450,1.401782,0.005069
4.562737,2.202922,0.000000,0.045820,1.403709,0.004988
4.546445,2.251800,0.000000,0.045181,1.417271,0.005149
4.503220,2.254591,0.000000,0.046609,1.362496,0.005234
4.486817,2.260206,0.000000,0.041345,1.359556,0.005390
4.472175,2.275730,0.000000,0.044783,1.346569,0.005102
4.549822,2.255039,0.000000,0.042166,1.393103,0.005049
4.460038,2.199998,0.000000,0.041808,1.327516,0.005001
4.554507,2.212623,0.000000,0.042332,1.411020,0.004916
4.916560,2.204233,0.000000,0.038780,1.410077,0.004931
4.908094,2.251921,0.000000,0.036516,1.383467,0.005012
4.501365,2.240263,0.000000,0.048241,1.378637,0.005279
4.665048,2.251143,0.000000,0.024303,1.398569,0.005943
4.688856,2.225704,0.000000,0.039427,1.310660,0.005019
4.526565,2.253621,0.000000,0.040409,1.411249,0.005666
4.558477,2.267373,0.000000,0.046096,1.397396,0.004957
4.835213,2.190377,0.000000,0.027556,1.354543,0.005168
4.638395,2.246793,0.000000,0.042863,1.337703,0.005135
4.473828,2.253694,0.000000,0.045887,1.370185,0.005224
4.491918,2.226319,0.000000,0.045369,1.351078,0.005209
4.730644,2.212926,0.000000,0.040108,1.388216,0.004805
5.425104,2.193151,0.000000,0.039383,1.412393,0.005226
4.659748,2.239867,0.000000,0.024922,1.372165,0.005234
5.396486,2.187305,0.000000,0.037906,1.357325,0.005225
4.769235,2.233583,0.000000,0.039185,1.347754,0.004796
4.750808,2.217704,0.000000,0.037521,1.349933,0.004701
