153.610015,  143.410849, 0.000000, 0.589508, 4.615980, 0.047462
153.672982,  143.717294, 0.000000, 0.573154, 4.683363, 0.047410
153.209350,  143.086326, 0.000000, 0.581528, 4.622815, 0.049977
153.976823,  143.394511, 0.000000, 0.574246, 4.593451, 0.048009
153.704902,  143.203923, 0.000000, 0.598420, 4.591565, 0.050332
153.532050,  142.909709, 0.000000, 0.580318, 4.652860, 0.046705
154.408714,  143.629314, 0.000000, 0.578585, 4.617968, 0.046645
153.808782,  143.310448, 0.000000, 0.578241, 4.670579, 0.047455
154.448502,  142.997152, 0.000000, 0.581703, 4.620743, 0.046383
153.944873,  143.525861, 0.000000, 0.570361, 4.633901, 0.047518
153.838339,  143.214496, 0.000000, 0.581712, 4.631757, 0.047257
154.315283,  144.410923, 0.000000, 0.584315, 4.597990, 0.046879
153.317485,  142.509697, 0.000000, 0.576490, 4.641105, 0.046949
154.399106,  143.181461, 0.000000, 0.580805, 4.602030, 0.047074
154.522656,  142.964903, 0.000000, 0.580472, 4.638895, 0.047285
154.183742,  143.213525, 0.000000, 0.577652, 4.559092, 0.047321
154.981925,  143.472575, 0.000000, 0.586729, 4.692317, 0.047578
154.339080,  143.696922, 0.000000, 0.588525, 4.617635, 0.047694
154.356602,  142.694192, 0.000000, 0.586821, 4.709350, 0.048091
154.227022,  143.851874, 0.000000, 0.580535, 4.634746, 0.047897
155.102449,  143.361421, 0.000000, 0.586129, 4.635397, 0.047181
154.238556,  142.987413, 0.000000, 0.579979, 4.603924, 0.047271
154.517672,  143.818077, 0.000000, 0.593396, 4.655316, 0.048692
153.894845,  143.163581, 0.000000, 0.583160, 4.645311, 0.046965
154.308678,  143.935731, 0.000000, 0.573167, 4.653056, 0.046878
154.204479,  143.780372, 0.000000, 0.588641, 4.693994, 0.049540
153.573809,  143.344851, 0.000000, 0.589923, 4.614529, 0.050335
154.890784,  143.976341, 0.000000, 0.577127, 4.665700, 0.047181
153.616823,  142.745489, 0.000000, 0.584177, 4.675450, 0.047705
154.175053,  143.560706, 0.000000, 0.578878, 4.592109, 0.046956
153.769698,  143.651429, 0.000000, 0.577326, 4.637924, 0.048544
154.304067,  143.461398, 0.000000, 0.581828, 4.594730, 0.046844
154.139909,  143.750662, 0.000000, 0.589255, 4.663124, 0.049969
154.731852,  143.569634, 0.000000, 0.581839, 4.655543, 0.049445
153.898375,  143.636724, 0.000000, 0.585624, 4.636060, 0.047913
155.204246,  143.129076, 0.000000, 0.576079, 4.678756, 0.047872
153.088827,  143.240409, 0.000000, 0.584050, 4.683028, 0.047608
154.281373,  143.762458, 0.000000, 0.581462, 4.650232, 0.047301
155.175898,  143.525979, 0.000000, 0.584147, 4.651553, 0.046791
154.616274,  143.179741, 0.000000, 0.584405, 4.666369, 0.047720
154.185451,  143.470582, 0.000000, 0.583249, 4.709142, 0.048039
153.610387,  143.417649, 0.000000, 0.586150, 4.631644, 0.047293
153.990668,  143.249934, 0.000000, 0.581532, 4.645104, 0.047788
153.322012,  143.112228, 0.000000, 0.585888, 4.678033, 0.047170
153.171071,  142.978658, 0.000000, 0.577457, 4.606792, 0.047109
153.633928,  143.397601, 0.000000, 0.584119, 4.596915, 0.046765
153.604986,  143.078059, 0.000000, 0.579590, 4.618144, 0.047190
154.434401,  142.860307, 0.000000, 0.576395, 4.640436, 0.047291
153.598618,  143.113346, 0.000000, 0.571878, 4.638289, 0.047675
153.313673,  143.028828, 0.000000, 0.584173, 4.648849, 0.049769
113.346206,  96.673109, 0.000000, 0.419165, 7.839998, 0.025257
112.838954,  96.566475, 0.000000, 0.422374, 7.844167, 0.025335
113.084111,  97.188847, 0.000000, 0.424470, 7.709725, 0.025056
113.091090,  96.640823, 0.000000, 0.419516, 7.849268, 0.025243
113.234892,  96.889761, 0.000000, 0.420465, 7.879786, 0.025000
113.083120,  96.591846, 0.000000, 0.422529, 7.846987, 0.025120
112.917158,  96.545438, 0.000000, 0.417491, 7.912337, 0.025342
113.027031,  97.168537, 0.000000, 0.415246, 7.865018, 0.025001
113.142961,  96.495970, 0.000000, 0.423827, 7.775093, 0.024981
112.744971,  96.648287, 0.000000, 0.411858, 7.710161, 0.025032
113.046816,  96.408183, 0.000000, 0.415446, 7.845598, 0.025396
112.847380,  96.788417, 0.000000, 0.417860, 7.870345, 0.025019
113.148760,  97.713235, 0.000000, 0.418776, 7.777047, 0.025134
113.025124,  96.887076, 0.000000, 0.423066, 7.812479, 0.025156
112.902259,  96.678438, 0.000000, 0.415620, 7.746233, 0.025059
112.836807,  97.005074, 0.000000, 0.423707, 7.888291, 0.025200
112.776850,  96.161951, 0.000000, 0.418041, 7.528553, 0.025186
113.871881,  97.070278, 0.000000, 0.416169, 7.852254, 0.024942
113.811281,  97.273728, 0.000000, 0.411373, 7.868846, 0.027995
113.107951,  96.385199, 0.000000, 0.424119, 7.744161, 0.024922
112.447531,  96.333480, 0.000000, 0.417908, 7.737671, 0.025535
113.109915,  96.696191, 0.000000, 0.418795, 7.868337, 0.025535
112.847311,  96.761623, 0.000000, 0.412611, 7.646438, 0.024940
113.100908,  97.981115, 0.000000, 0.421822, 7.735886, 0.025393
112.753749,  96.541535, 0.000000, 0.419193, 7.710279, 0.025515
112.579765,  96.780894, 0.000000, 0.417816, 7.647400, 0.025079
112.841288,  96.877923, 0.000000, 0.419828, 7.855707, 0.025102
113.327402,  96.804095, 0.000000, 0.421744, 7.821778, 0.025175
113.492723,  96.656711, 0.000000, 0.410608, 7.634945, 0.025224
112.984020,  96.624629, 0.000000, 0.422807, 7.765209, 0.024964
112.777713,  96.623142, 0.000000, 0.416747, 7.845942, 0.024905
113.044195,  96.305178, 0.000000, 0.417725, 7.871483, 0.024964
113.089058,  96.713891, 0.000000, 0.420943, 7.763870, 0.025083
113.564787,  96.981470, 0.000000, 0.420329, 7.871763, 0.028427
116.872966,  96.363243, 0.000000, 0.415874, 7.692430, 0.025011
113.664930,  97.039650, 0.000000, 0.421001, 7.808828, 0.025179
113.171835,  97.668149, 0.000000, 0.424047, 7.855162, 0.025506
113.060617,  96.516892, 0.000000, 0.413711, 7.850552, 0.025542
112.968665,  96.763181, 0.000000, 0.421510, 7.898738, 0.025328
112.644783,  97.092371, 0.000000, 0.421643, 7.725034, 0.025234
113.422565,  97.026899, 0.000000, 0.416471, 7.976825, 0.026557
112.805703,  96.465040, 0.000000, 0.420449, 7.800466, 0.025166
113.372808,  96.512412, 0.000000, 0.421364, 7.835210, 0.025334
113.473399,  96.582624, 0.000000, 0.421110, 7.813936, 0.025416
112.765373,  96.543336, 0.000000, 0.422248, 7.802317, 0.025079
113.080275,  96.741102, 0.000000, 0.424938, 7.719691, 0.025218
112.856759,  96.838546, 0.000000, 0.427024, 7.761470, 0.024728
113.510448,  96.784931, 0.000000, 0.423434, 7.729654, 0.024962
112.819468,  96.577289, 0.000000, 0.421422, 7.797618, 0.025397
113.582964,  96.872556, 0.000000, 0.426763, 7.821524, 0.024837
78.228448,  63.729623, 0.000000, 0.133811, 7.012001, 0.021831
78.522115,  63.755275, 0.000000, 0.133775, 6.764625, 0.023758
79.462346,  63.980025, 0.000000, 0.133793, 7.224216, 0.021860
79.610467,  64.141960, 0.000000, 0.136055, 7.011958, 0.020741
79.917194,  64.255768, 0.000000, 0.134400, 7.620643, 0.022756
79.392085,  64.619488, 0.000000, 0.136658, 7.301169, 0.020699
79.316378,  63.957511, 0.000000, 0.135196, 7.166336, 0.022373
78.874402,  64.044260, 0.000000, 0.132014, 6.854316, 0.021000
78.354341,  63.961585, 0.000000, 0.135235, 6.802067, 0.022098
78.436244,  63.999473, 0.000000, 0.134850, 6.615065, 0.022059
79.132246,  64.123188, 0.000000, 0.138246, 7.524543, 0.022026
79.320066,  64.429476, 0.000000, 0.136419, 7.581452, 0.024396
78.832839,  64.161198, 0.000000, 0.134740, 7.121859, 0.021943
79.645421,  63.961293, 0.000000, 0.132060, 7.390407, 0.022629
78.942562,  63.912371, 0.000000, 0.135106, 7.224005, 0.020657
78.478553,  64.056766, 0.000000, 0.134316, 6.769731, 0.020840
78.913783,  63.889028, 0.000000, 0.135299, 7.148916, 0.020930
78.548020,  63.899354, 0.000000, 0.135989, 6.954372, 0.023979
78.727151,  64.083982, 0.000000, 0.136006, 7.257949, 0.022095
78.692321,  63.995107, 0.000000, 0.134839, 6.661367, 0.021935
79.023913,  64.088645, 0.000000, 0.133088, 7.251367, 0.021820
78.786676,  64.091206, 0.000000, 0.134513, 6.925789, 0.020918
78.981997,  64.010823, 0.000000, 0.134226, 7.135254, 0.021936
79.118904,  63.852587, 0.000000, 0.134612, 7.435997, 0.022225
79.286059,  63.892570, 0.000000, 0.133140, 7.213389, 0.020445
78.784133,  64.017046, 0.000000, 0.135094, 7.232143, 0.022297
79.555559,  64.054299, 0.000000, 0.135669, 7.757386, 0.021733
78.854210,  63.828145, 0.000000, 0.132681, 7.207534, 0.021009
79.243821,  64.000093, 0.000000, 0.132793, 6.986301, 0.022226
78.838666,  63.883150, 0.000000, 0.135711, 6.982385, 0.022029
79.039898,  63.992604, 0.000000, 0.134525, 7.089111, 0.021033
79.137406,  64.238264, 0.000000, 0.136033, 7.170108, 0.022216
78.841538,  63.909836, 0.000000, 0.133804, 7.086835, 0.022251
78.650602,  63.944343, 0.000000, 0.135177, 7.059101, 0.020953
79.441958,  64.248236, 0.000000, 0.132583, 7.229582, 0.020828
79.549708,  64.093639, 0.000000, 0.136354, 7.401760, 0.021855
79.209253,  64.365987, 0.000000, 0.136714, 7.200046, 0.021852
79.105109,  64.159723, 0.000000, 0.133928, 7.285037, 0.022086
78.720519,  63.907376, 0.000000, 0.135212, 6.714988, 0.022738
78.497682,  64.119788, 0.000000, 0.135051, 6.556019, 0.020611
79.349699,  64.077386, 0.000000, 0.134478, 7.296601, 0.024218
79.255799,  65.755459, 0.000000, 0.139976, 6.945531, 0.021182
79.066334,  64.111478, 0.000000, 0.135138, 7.095368, 0.022873
79.101057,  63.803959, 0.000000, 0.135970, 7.130595, 0.022539
78.839517,  64.027905, 0.000000, 0.133015, 6.865263, 0.021053
78.658785,  64.014453, 0.000000, 0.135276, 6.722359, 0.020658
79.548987,  64.008776, 0.000000, 0.132919, 7.498719, 0.023317
79.669345,  63.950178, 0.000000, 0.134956, 7.219899, 0.022409
79.863563,  64.123721, 0.000000, 0.134998, 7.321091, 0.022125
79.021862,  63.943663, 0.000000, 0.135806, 6.930275, 0.022083
64.183537,  49.905993, 0.000000, 0.114132, 6.715480, 0.017537
63.613336,  48.990620, 0.000000, 0.113914, 6.786267, 0.017583
63.740369,  49.000296, 0.000000, 0.114616, 6.789768, 0.017916
63.601236,  49.349518, 0.000000, 0.113305, 6.860766, 0.017042
64.102371,  48.938557, 0.000000, 0.113314, 6.715704, 0.017605
64.118081,  48.894956, 0.000000, 0.114693, 6.752885, 0.018269
63.174254,  49.053187, 0.000000, 0.113480, 6.449144, 0.016967
64.255560,  49.147468, 0.000000, 0.114474, 6.884392, 0.017846
64.060819,  49.074496, 0.000000, 0.113396, 6.986789, 0.017278
63.093385,  48.839742, 0.000000, 0.114391, 6.620218, 0.017270
63.272686,  49.114427, 0.000000, 0.113515, 6.704094, 0.018744
63.491696,  49.027533, 0.000000, 0.117011, 6.616977, 0.017066
63.333962,  50.098484, 0.000000, 0.117249, 6.808437, 0.017044
63.669665,  49.269388, 0.000000, 0.116455, 6.688158, 0.017963
64.325625,  48.876765, 0.000000, 0.113888, 6.872013, 0.017471
64.065256,  48.864165, 0.000000, 0.114313, 6.824643, 0.017463
63.665559,  49.243115, 0.000000, 0.113651, 7.018606, 0.017496
63.736772,  48.957937, 0.000000, 0.117158, 6.685199, 0.017545
63.789118,  48.896773, 0.000000, 0.114148, 6.748576, 0.016987
63.468372,  48.876431, 0.000000, 0.114416, 6.949732, 0.017667
64.003255,  49.077511, 0.000000, 0.116215, 7.015446, 0.017457
63.960844,  48.988338, 0.000000, 0.114657, 7.007364, 0.017625
63.259269,  49.714415, 0.000000, 0.119090, 6.474660, 0.017187
63.379956,  49.058701, 0.000000, 0.113953, 6.671150, 0.017622
63.587257,  49.486499, 0.000000, 0.112871, 6.629511, 0.017243
63.689396,  49.084806, 0.000000, 0.113153, 6.704371, 0.017305
63.833520,  49.276351, 0.000000, 0.112550, 6.907544, 0.017687
63.922190,  49.148529, 0.000000, 0.116456, 6.787572, 0.017634
63.670597,  49.150148, 0.000000, 0.115257, 6.672081, 0.018201
63.904478,  49.321158, 0.000000, 0.113159, 6.655838, 0.017338
63.726933,  49.166209, 0.000000, 0.113694, 6.964622, 0.016767
64.298633,  49.045612, 0.000000, 0.111998, 6.703158, 0.018049
63.662131,  49.090537, 0.000000, 0.114886, 6.489208, 0.017347
63.440365,  49.262542, 0.000000, 0.114517, 7.043646, 0.018277
63.596540,  49.183672, 0.000000, 0.117670, 6.881048, 0.017625
64.032949,  49.001076, 0.000000, 0.112463, 6.570573, 0.017537
63.687041,  48.989602, 0.000000, 0.114797, 7.018074, 0.017634
63.808626,  49.053259, 0.000000, 0.114883, 6.856242, 0.016684
63.718385,  48.991270, 0.000000, 0.114176, 6.743552, 0.016942
63.592140,  49.151774, 0.000000, 0.113519, 6.513410, 0.016969
64.403770,  49.090655, 0.000000, 0.112674, 6.893350, 0.018062
63.511907,  49.009897, 0.000000, 0.115165, 6.695224, 0.017407
63.725864,  49.409453, 0.000000, 0.114424, 6.815064, 0.016870
63.443198,  49.289427, 0.000000, 0.114931, 6.725084, 0.017170
64.664701,  49.916209, 0.000000, 0.114353, 6.680526, 0.017709
64.134044,  49.382316, 0.000000, 0.116827, 6.656933, 0.016767
63.561860,  49.144003, 0.000000, 0.113487, 6.641704, 0.017508
63.664623,  49.073252, 0.000000, 0.116018, 6.686702, 0.016977
63.859681,  49.044808, 0.000000, 0.113479, 6.746373, 0.016893
63.804306,  49.352078, 0.000000, 0.113288, 6.797062, 0.018480
