113.341814,  97.472389, 0.000000, 0.320373, 8.639508, 0.013987
112.831152,  97.379606, 0.000000, 0.314547, 8.647082, 0.014420
113.151958,  98.247366, 0.000000, 0.323438, 8.520779, 0.013779
112.836091,  97.147841, 0.000000, 0.316149, 8.645865, 0.014397
112.822849,  97.472444, 0.000000, 0.316205, 8.683847, 0.013683
113.141468,  98.025341, 0.000000, 0.324411, 8.610272, 0.014029
112.920556,  97.491003, 0.000000, 0.311715, 8.696770, 0.013598
113.045370,  97.218193, 0.000000, 0.319478, 8.638408, 0.013739
113.333230,  97.708189, 0.000000, 0.308356, 8.625000, 0.014128
112.764196,  97.335811, 0.000000, 0.323704, 8.446169, 0.014207
112.886009,  97.393692, 0.000000, 0.319741, 8.694123, 0.014802
112.834331,  97.142353, 0.000000, 0.319305, 8.687131, 0.013660
112.946986,  97.617624, 0.000000, 0.323131, 8.563200, 0.014493
112.916267,  97.738350, 0.000000, 0.320032, 8.570971, 0.013747
112.936361,  97.316765, 0.000000, 0.318830, 8.568840, 0.013854
112.803846,  97.415635, 0.000000, 0.319973, 8.673167, 0.014234
113.037265,  97.265992, 0.000000, 0.309849, 8.291614, 0.014580
113.295050,  97.493871, 0.000000, 0.313597, 8.645903, 0.013739
113.797441,  98.332729, 0.000000, 0.313945, 8.684053, 0.013996
113.292641,  96.902127, 0.000000, 0.309768, 8.519881, 0.013655
112.459254,  97.129327, 0.000000, 0.320536, 8.455122, 0.014606
113.110088,  97.615424, 0.000000, 0.319136, 8.668173, 0.014094
112.854301,  97.424625, 0.000000, 0.321549, 8.559253, 0.013806
113.111215,  97.265924, 0.000000, 0.319542, 8.524286, 0.014379
112.955411,  97.441240, 0.000000, 0.319411, 8.561119, 0.014531
112.593624,  97.589179, 0.000000, 0.317122, 8.307354, 0.014346
113.019023,  97.471608, 0.000000, 0.314709, 8.715549, 0.014265
113.374632,  98.249708, 0.000000, 0.320819, 8.583076, 0.013919
113.591226,  98.485849, 0.000000, 0.321591, 8.608374, 0.013604
113.172182,  97.606591, 0.000000, 0.311316, 8.568561, 0.014061
112.799715,  97.434260, 0.000000, 0.318595, 8.614184, 0.013731
113.065224,  97.348651, 0.000000, 0.322024, 8.656681, 0.013702
113.102180,  97.828474, 0.000000, 0.308917, 8.537114, 0.014348
113.715586,  97.866477, 0.000000, 0.312642, 8.650245, 0.014628
116.743221,  97.228049, 0.000000, 0.312900, 8.560286, 0.013975
113.749818,  97.378695, 0.000000, 0.316581, 8.611810, 0.014353
113.188001,  97.373843, 0.000000, 0.318879, 8.600499, 0.014604
113.110098,  97.629482, 0.000000, 0.317770, 8.581544, 0.014096
112.954736,  97.712189, 0.000000, 0.320739, 8.664848, 0.014185
112.875721,  97.452212, 0.000000, 0.312180, 8.429887, 0.014351
113.448722,  98.500532, 0.000000, 0.318662, 8.641492, 0.013534
112.921395,  97.265354, 0.000000, 0.318582, 8.599121, 0.013812
113.584320,  97.793205, 0.000000, 0.319870, 8.694872, 0.013788
113.587310,  97.183457, 0.000000, 0.313914, 8.612591, 0.013813
112.787877,  97.258748, 0.000000, 0.310714, 8.543852, 0.013827
113.054351,  97.381017, 0.000000, 0.313425, 8.436447, 0.013778
112.875511,  97.637307, 0.000000, 0.318355, 8.567961, 0.013940
113.517388,  97.596391, 0.000000, 0.318938, 8.470698, 0.013653
112.819924,  97.250859, 0.000000, 0.323744, 8.581891, 0.013745
113.928511,  97.550943, 0.000000, 0.313293, 8.637578, 0.014356
78.308029,  64.360401, 0.000000, 0.133377, 7.485227, 0.012221
78.300008,  64.847005, 0.000000, 0.129661, 7.226774, 0.012486
79.053585,  64.820582, 0.000000, 0.133264, 7.836419, 0.011916
79.429854,  64.919411, 0.000000, 0.137189, 7.567042, 0.011899
79.634445,  64.860238, 0.000000, 0.129855, 7.768384, 0.012600
79.552912,  65.316635, 0.000000, 0.131757, 7.691394, 0.011782
78.938933,  64.927154, 0.000000, 0.133796, 7.564099, 0.011945
78.675756,  65.043122, 0.000000, 0.132689, 7.343898, 0.011966
78.573894,  64.674208, 0.000000, 0.125317, 7.135640, 0.011913
78.849087,  64.694737, 0.000000, 0.132227, 7.331361, 0.012337
79.102139,  64.674001, 0.000000, 0.129913, 7.674288, 0.012246
79.313173,  64.915350, 0.000000, 0.132294, 7.941423, 0.014415
78.979224,  64.694745, 0.000000, 0.128659, 7.517195, 0.012251
78.992514,  64.769757, 0.000000, 0.137648, 7.676494, 0.012056
78.949738,  64.621587, 0.000000, 0.133354, 7.798347, 0.012299
78.508372,  64.678671, 0.000000, 0.130944, 7.302608, 0.011704
78.941909,  64.650362, 0.000000, 0.131548, 7.679994, 0.011641
78.565774,  64.699167, 0.000000, 0.133543, 7.379658, 0.013700
79.204158,  64.718207, 0.000000, 0.135981, 7.699701, 0.012048
78.772420,  64.998105, 0.000000, 0.135276, 7.434345, 0.012090
79.183083,  65.181421, 0.000000, 0.130013, 7.751408, 0.011614
78.861315,  64.662477, 0.000000, 0.133934, 7.438256, 0.012167
78.944016,  64.699282, 0.000000, 0.131310, 7.760559, 0.011699
78.830068,  64.853190, 0.000000, 0.134978, 7.670850, 0.011793
78.704871,  64.709231, 0.000000, 0.132679, 7.504512, 0.012518
78.836905,  64.609093, 0.000000, 0.135552, 7.687614, 0.012443
79.360109,  64.919824, 0.000000, 0.135113, 8.107986, 0.011601
78.886754,  64.755296, 0.000000, 0.130697, 7.640840, 0.011942
79.292251,  64.632152, 0.000000, 0.133436, 7.575850, 0.011666
79.003035,  64.637321, 0.000000, 0.130997, 7.746410, 0.012131
78.778408,  64.888066, 0.000000, 0.134928, 7.538087, 0.011702
79.095631,  64.803918, 0.000000, 0.133155, 7.744064, 0.011549
78.862114,  64.722975, 0.000000, 0.133104, 7.560067, 0.012439
78.689123,  64.859027, 0.000000, 0.133852, 7.368378, 0.011935
78.989957,  64.792909, 0.000000, 0.132708, 7.609197, 0.012048
79.327080,  64.799410, 0.000000, 0.134005, 7.883593, 0.012193
79.454062,  64.876577, 0.000000, 0.134985, 7.625839, 0.011986
79.174578,  64.800176, 0.000000, 0.129412, 7.606640, 0.012313
78.901216,  64.730193, 0.000000, 0.134315, 7.226759, 0.012451
78.966535,  64.868772, 0.000000, 0.133961, 7.111370, 0.011618
78.885866,  64.654931, 0.000000, 0.133190, 7.705575, 0.013288
79.157616,  65.171495, 0.000000, 0.134881, 7.589622, 0.012693
78.871729,  64.780257, 0.000000, 0.132135, 7.612336, 0.012850
79.667305,  64.698539, 0.000000, 0.132198, 7.656317, 0.012530
79.108942,  64.846043, 0.000000, 0.128661, 7.115996, 0.011981
78.473415,  64.740754, 0.000000, 0.129629, 7.045373, 0.012136
79.371459,  64.795204, 0.000000, 0.131780, 7.749701, 0.013254
80.632312,  64.613279, 0.000000, 0.131642, 7.830175, 0.012778
79.399422,  64.665503, 0.000000, 0.135035, 7.675762, 0.016533
78.720645,  64.839818, 0.000000, 0.132777, 7.500475, 0.011691
64.390476,  51.966528, 0.000000, 0.105519, 7.066359, 0.012547
64.169831,  51.777180, 0.000000, 0.109606, 7.073089, 0.013219
64.539402,  51.838927, 0.000000, 0.113698, 7.040054, 0.012584
64.067725,  51.783452, 0.000000, 0.110872, 7.118082, 0.012057
63.916952,  51.714753, 0.000000, 0.110324, 6.960038, 0.012034
64.986153,  51.642313, 0.000000, 0.115786, 6.985845, 0.012881
63.695973,  51.741596, 0.000000, 0.111009, 7.060484, 0.012293
64.575327,  51.627465, 0.000000, 0.113946, 6.887436, 0.011786
64.799382,  51.683771, 0.000000, 0.106973, 7.210007, 0.012115
63.716990,  51.402396, 0.000000, 0.114502, 6.993633, 0.011969
63.940815,  51.846226, 0.000000, 0.114684, 7.078060, 0.012041
63.953349,  51.793118, 0.000000, 0.113509, 7.023590, 0.012471
63.752146,  51.700346, 0.000000, 0.111838, 6.962473, 0.012331
63.913219,  51.780191, 0.000000, 0.113869, 6.885830, 0.012509
64.831783,  51.771308, 0.000000, 0.107419, 7.222417, 0.012328
64.234428,  51.599062, 0.000000, 0.111960, 7.060950, 0.012075
64.138007,  51.806926, 0.000000, 0.109244, 7.157753, 0.012340
64.480963,  51.656308, 0.000000, 0.115701, 7.058155, 0.012347
64.093549,  51.763224, 0.000000, 0.110353, 6.989429, 0.012346
64.195796,  51.875455, 0.000000, 0.114635, 7.036865, 0.012100
64.088436,  51.846500, 0.000000, 0.111475, 6.903941, 0.012438
64.388847,  51.664339, 0.000000, 0.115149, 7.294739, 0.012262
63.700646,  51.633659, 0.000000, 0.114170, 6.895319, 0.012427
63.837246,  51.760827, 0.000000, 0.114787, 6.900188, 0.011952
64.063752,  51.893174, 0.000000, 0.109974, 7.022160, 0.012238
64.134627,  51.944081, 0.000000, 0.111867, 7.237573, 0.011730
64.287482,  51.772190, 0.000000, 0.113171, 7.194659, 0.012133
64.262220,  51.789696, 0.000000, 0.116330, 7.100388, 0.012224
64.065496,  51.649581, 0.000000, 0.110016, 6.796102, 0.012237
64.004562,  51.715516, 0.000000, 0.106432, 6.874616, 0.012440
64.191380,  51.805616, 0.000000, 0.107204, 7.147369, 0.012184
64.132804,  51.526145, 0.000000, 0.110775, 7.129556, 0.013024
64.112377,  51.800065, 0.000000, 0.110261, 6.626321, 0.012441
63.979429,  51.612174, 0.000000, 0.113817, 7.188205, 0.012188
64.017736,  51.882205, 0.000000, 0.110390, 7.027756, 0.012165
64.569354,  51.753718, 0.000000, 0.116018, 6.895428, 0.012200
64.159677,  51.841851, 0.000000, 0.115053, 7.193731, 0.012628
64.266323,  51.747832, 0.000000, 0.114182, 7.005595, 0.012331
63.929582,  51.596046, 0.000000, 0.110022, 7.098974, 0.012026
64.929363,  51.889851, 0.000000, 0.104896, 6.946997, 0.011780
64.419041,  51.844849, 0.000000, 0.108768, 6.954028, 0.012554
63.949166,  51.736386, 0.000000, 0.108421, 6.889355, 0.011627
64.211215,  51.663542, 0.000000, 0.115179, 6.961468, 0.012157
63.882105,  51.781173, 0.000000, 0.111360, 6.953661, 0.012077
65.104378,  51.848527, 0.000000, 0.110890, 7.084828, 0.011958
64.444336,  51.943601, 0.000000, 0.111064, 7.051247, 0.011776
63.801558,  51.690236, 0.000000, 0.109243, 7.094686, 0.012294
64.116517,  51.681546, 0.000000, 0.111116, 7.214550, 0.012124
64.048641,  51.967230, 0.000000, 0.109647, 7.208217, 0.012471
64.210364,  52.021771, 0.000000, 0.111911, 7.080257, 0.012191
