66.982266,54.319448,0.000000,0.113113,6.597728,0.026837
66.090648,53.944004,0.000000,0.115101,6.439222,0.027241
65.937579,54.359638,0.000000,0.110796,6.157237,0.026578
65.972725,53.968687,0.000000,0.113034,6.119479,0.025680
65.975967,54.384984,0.000000,0.116455,6.216434,0.027800
65.725762,54.167950,0.000000,0.112725,6.293966,0.026202
66.577172,53.951271,0.000000,0.115103,6.415960,0.026786
66.014441,54.022680,0.000000,0.114566,6.097352,0.027330
66.053692,53.989213,0.000000,0.113504,6.108596,0.026242
66.067098,54.097349,0.000000,0.111249,6.212700,0.028230
66.371407,54.365294,0.000000,0.113734,6.193032,0.026595
66.531092,53.918904,0.000000,0.115626,6.323080,0.026688
65.753173,54.217371,0.000000,0.114802,6.206625,0.026282
65.831204,54.046365,0.000000,0.112476,6.176537,0.027202
65.807797,54.134873,0.000000,0.115369,6.041815,0.027110
66.078151,54.184919,0.000000,0.112674,6.087845,0.026717
65.880595,54.066934,0.000000,0.113626,6.143396,0.026519
66.009799,54.109833,0.000000,0.112194,6.374054,0.027143
65.592214,54.224366,0.000000,0.114705,6.264655,0.025766
66.002226,54.155559,0.000000,0.115772,6.255625,0.027221
66.178237,54.088162,0.000000,0.115409,6.325919,0.026938
65.957867,54.009515,0.000000,0.116863,6.111656,0.028047
65.634094,54.093593,0.000000,0.115623,6.237484,0.026715
65.768237,54.002571,0.000000,0.112428,6.042240,0.026692
65.858927,54.317378,0.000000,0.113615,6.215995,0.026862
65.810324,54.156974,0.000000,0.115411,6.192947,0.026823
65.765784,54.399528,0.000000,0.115799,6.252628,0.026691
66.030717,53.942155,0.000000,0.110122,5.998763,0.028287
66.741702,54.297299,0.000000,0.111183,6.375215,0.026628
66.001663,54.078265,0.000000,0.114620,6.158416,0.026949
65.827759,54.255464,0.000000,0.118149,6.230633,0.027187
66.223924,54.436978,0.000000,0.114914,6.219186,0.026850
65.593493,54.304399,0.000000,0.108990,6.394291,0.026981
65.872910,54.166055,0.000000,0.113415,6.213143,0.026699
65.723334,54.406600,0.000000,0.116228,6.160022,0.026793
66.798972,54.751009,0.000000,0.114341,6.205517,0.026271
65.913497,54.366089,0.000000,0.114984,6.261960,0.026884
66.750033,54.056872,0.000000,0.114854,6.151015,0.026493
66.114104,54.237781,0.000000,0.110288,6.151815,0.026547
66.723315,54.278047,0.000000,0.114366,6.242785,0.027359
66.383372,54.273305,0.000000,0.114034,6.263317,0.026913
66.002492,54.395137,0.000000,0.113999,6.340536,0.026606
66.091230,54.243891,0.000000,0.112534,6.249626,0.027163
66.173186,54.535304,0.000000,0.114584,6.207598,0.026650
66.182449,54.001003,0.000000,0.110013,6.177835,0.026800
65.807996,54.449211,0.000000,0.114284,6.302211,0.027286
66.191285,54.336801,0.000000,0.113430,6.090445,0.026638
65.924770,54.365934,0.000000,0.111677,6.322013,0.027267
65.790030,54.189651,0.000000,0.113888,6.107872,0.028428
66.165968,54.120811,0.000000,0.113320,6.216232,0.026577
83.713625,60.971445,0.000000,0.124581,4.338172,0.020336
83.426395,60.845706,0.000000,0.126535,4.306154,0.020998
83.050562,61.083824,0.000000,0.125314,4.298970,0.021612
83.252911,61.955583,0.000000,0.131035,4.269090,0.021223
83.095622,60.965749,0.000000,0.124168,4.297757,0.021171
83.184057,61.485986,0.000000,0.129174,4.294594,0.020329
83.576730,60.875044,0.000000,0.125066,4.256615,0.022537
82.890283,61.443986,0.000000,0.128178,4.331179,0.020549
83.022265,61.563484,0.000000,0.127784,4.264028,0.020256
83.082015,60.835561,0.000000,0.124214,4.276946,0.020944
83.433559,61.027427,0.000000,0.126790,4.305151,0.023400
82.821968,61.030612,0.000000,0.124791,4.310187,0.020442
83.195533,61.027823,0.000000,0.123081,4.287799,0.021042
83.223142,60.970914,0.000000,0.125888,4.333372,0.020390
83.620041,60.840069,0.000000,0.126342,4.284599,0.020435
83.236033,61.262641,0.000000,0.125469,4.297550,0.021189
83.445915,60.980317,0.000000,0.125404,4.315116,0.021116
82.876266,61.079576,0.000000,0.126607,4.343441,0.020933
82.917637,61.711669,0.000000,0.125659,4.310039,0.020248
83.151456,60.930318,0.000000,0.125880,4.318505,0.020136
83.883384,61.577685,0.000000,0.125797,4.305824,0.021304
83.714913,61.940503,0.000000,0.127460,4.322642,0.021189
83.349082,60.955647,0.000000,0.126034,4.322949,0.021085
83.421546,60.906236,0.000000,0.124998,4.309639,0.021206
83.270025,61.128278,0.000000,0.126263,4.323832,0.020669
83.065612,61.128471,0.000000,0.127533,4.368230,0.022660
82.817122,61.079284,0.000000,0.126467,4.355445,0.021009
83.402504,61.398104,0.000000,0.127157,4.307500,0.020571
82.975115,60.932897,0.000000,0.125936,4.300031,0.020501
83.036723,60.782965,0.000000,0.125141,4.295968,0.020554
83.129423,60.898633,0.000000,0.123813,4.302075,0.021397
82.860671,60.935197,0.000000,0.124283,4.348477,0.021125
83.372991,61.000912,0.000000,0.126023,4.308747,0.021015
82.877276,60.934851,0.000000,0.125215,4.275451,0.020513
83.591247,61.136370,0.000000,0.125986,4.376908,0.020303
83.431473,60.829058,0.000000,0.124313,4.315695,0.021287
83.469141,61.461366,0.000000,0.126333,4.297238,0.020126
83.730447,60.975880,0.000000,0.124656,4.279287,0.020845
83.171362,60.971625,0.000000,0.126002,4.299892,0.020285
83.165646,61.399552,0.000000,0.125991,4.310078,0.020117
83.190122,61.024699,0.000000,0.125257,4.298805,0.020484
83.552764,61.332923,0.000000,0.126267,4.300380,0.020206
83.378765,60.977450,0.000000,0.125310,4.324697,0.021012
82.977174,60.802142,0.000000,0.124839,4.371997,0.020145
83.125869,60.820724,0.000000,0.126160,4.354523,0.021554
83.174805,60.931271,0.000000,0.126046,4.356970,0.021352
83.538913,61.006570,0.000000,0.125425,4.303433,0.021197
83.536371,60.977113,0.000000,0.125130,4.340174,0.020393
83.171070,61.004565,0.000000,0.126157,4.317451,0.020341
83.304226,60.884006,0.000000,0.126851,4.321119,0.021034
