1 7.838565 7.838564 0.007463
1 7.842768 7.842748 0.007694
1 7.841455 7.841453 0.007573
1 7.839020 7.838999 0.007329
1 7.835880 7.835879 0.007329
1 7.831359 7.831338 0.007360
1 7.826118 7.826116 0.007358
1 7.834745 7.834724 0.007381
1 7.855058 7.855056 0.007545
1 7.860090 7.860069 0.007359
1 7.857191 7.857189 0.007395
1 7.846223 7.846202 0.007433
1 7.827331 7.827329 0.007381
1 7.838950 7.838947 0.007450
1 7.833481 7.833461 0.007403
1 7.833047 7.833026 0.007412
1 7.829931 7.829910 0.007567
1 7.845981 7.845978 0.007513
1 7.860329 7.860306 0.007562
1 7.846126 7.846105 0.007618
1 7.815176 7.815173 0.007617
1 7.821206 7.821185 0.007398
1 7.826371 7.826368 0.007537
1 7.817042 7.817021 0.007283
1 7.800616 7.800613 0.007311
1 7.810011 7.809986 0.007370
1 7.851909 7.851905 0.007500
1 7.820379 7.820354 0.007494
1 7.833251 7.833248 0.007333
1 7.835509 7.835508 0.007661
1 7.838341 7.838321 0.007352
1 7.824378 7.824377 0.007451
1 7.840352 7.840332 0.007460
1 7.830996 7.830995 0.007328
1 7.814479 7.814458 0.007550
1 7.829098 7.829097 0.007359
1 7.850457 7.850454 0.007430
1 7.833265 7.833264 0.007363
1 7.844726 7.844724 0.007510
1 7.911872 7.911870 0.007645
1 7.953849 7.953828 0.007612
1 7.968394 7.968392 0.007898
1 8.105090 8.105087 0.008246
1 7.934356 7.934355 0.007629
1 7.895095 7.895074 0.007567
1 7.981814 7.981793 0.007910
1 8.316995 8.316992 0.008473
1 8.288009 8.287988 0.008551
1 8.249900 8.249880 0.008696
1 8.115508 8.115487 0.008115
1 8.204224 8.204221 0.008619
1 7.968110 7.968088 0.007793
1 7.991643 7.991623 0.007697
1 8.015933 8.015912 0.008067
1 8.022527 8.022523 0.007952
1 8.177545 8.177521 0.008293
1 8.176436 8.176415 0.008052
1 8.209471 8.209467 0.008500
1 8.058151 8.058130 0.007962
1 7.998675 7.998655 0.007683
1 7.970488 7.970486 0.007803
1 8.127603 8.127600 0.008444
1 8.373304 8.373302 0.010343
1 8.117227 8.117206 0.008633
1 7.991054 7.991053 0.007877
1 7.991007 7.990986 0.007884
1 7.903842 7.903840 0.007519
1 8.006383 8.006361 0.007805
1 8.005662 8.005661 0.007967
1 7.892427 7.892406 0.007543
1 8.079022 8.079020 0.007973
1 7.900313 7.900310 0.007637
1 8.279395 8.279393 0.009771
1 7.838567 7.838546 0.007485
1 7.833004 7.833003 0.007441
1 7.843078 7.843074 0.007444
1 7.850102 7.850081 0.007519
1 7.819609 7.819588 0.007344
1 7.809444 7.809440 0.007297
1 7.827689 7.827667 0.007255
1 7.829449 7.829428 0.007545
1 7.833127 7.833106 0.007382
1 7.838659 7.838638 0.007446
1 7.818334 7.818313 0.007660
1 7.825999 7.825978 0.007523
1 7.831598 7.831577 0.007286
1 7.842413 7.842410 0.007514
1 7.836928 7.836925 0.007311
1 7.845155 7.845135 0.007323
1 7.830839 7.830818 0.007333
1 7.851158 7.851137 0.007436
1 7.839642 7.839621 0.007378
1 7.846286 7.846265 0.007362
1 7.859392 7.859391 0.007553
1 7.858532 7.858511 0.007329
1 7.834165 7.834163 0.007432
1 7.857423 7.857402 0.007598
1 7.845744 7.845742 0.007348
1 7.827816 7.827814 0.007506
1 7.865136 7.865121 0.007023
2 4.133454 4.133428 0.211293
2 4.132670 4.132663 0.211039
2 4.162275 4.162270 0.211682
2 4.146960 4.146954 0.210885
2 4.145303 4.145279 0.211416
2 4.142733 4.142730 0.212285
2 4.144779 4.144771 0.211803
2 4.143465 4.143462 0.213354
2 4.145039 4.145032 0.205904
2 4.148622 4.148619 0.212328
2 4.142132 4.142126 0.209689
2 4.142973 4.142971 0.214273
2 4.154620 4.154619 0.207078
2 4.158751 4.158728 0.209729
2 4.137269 4.137244 0.207602
2 4.149885 4.149861 0.205236
2 4.144523 4.144498 0.207476
2 4.146186 4.146162 0.209743
2 4.148216 4.148186 0.209037
2 4.156497 4.156470 0.207990
2 4.146222 4.146197 0.209293
2 4.125246 4.125220 0.210194
2 4.108762 4.108739 0.209799
2 4.107752 4.107727 0.208877
2 4.141738 4.141713 0.208372
2 4.152188 4.152163 0.205991
2 4.143737 4.143712 0.209144
2 4.135492 4.135489 0.213482
2 4.135739 4.135731 0.210388
2 4.142945 4.142942 0.209554
2 4.149735 4.149704 0.209196
2 4.144546 4.144523 0.207783
2 4.137392 4.137385 0.210154
2 4.134138 4.134115 0.210097
2 4.133829 4.133805 0.210671
2 4.149697 4.149672 0.208484
2 4.148902 4.148877 0.203235
2 4.149376 4.149351 0.209415
2 4.144816 4.144788 0.211598
2 4.137391 4.137366 0.209901
2 4.138492 4.138485 0.208688
2 4.141902 4.141881 0.213510
2 4.142602 4.142578 0.206594
2 4.140109 4.140084 0.211285
2 4.159343 4.159317 0.209363
2 4.139621 4.139595 0.208775
2 4.143167 4.143165 0.212154
2 4.154562 4.154512 0.212721
2 4.157791 4.157765 0.205791
2 4.161343 4.161337 0.215941
2 4.161252 4.161246 0.209289
2 4.152953 4.152945 0.220101
2 4.157890 4.157886 0.223424
2 4.160781 4.160761 0.230190
2 4.155892 4.155867 0.209846
2 4.146378 4.146375 0.207237
2 4.148628 4.148607 0.212260
2 4.142881 4.142880 0.215789
2 4.146307 4.146277 0.210616
2 4.146874 4.146851 0.210787
2 4.169598 4.169573 0.210361
2 4.144086 4.144081 0.206897
2 4.134228 4.134205 0.203838
2 4.151638 4.151627 0.210341
2 4.158766 4.158735 0.209871
2 4.160360 4.160354 0.209986
2 4.163339 4.163314 0.209762
2 4.163193 4.163167 0.207744
2 4.156926 4.156903 0.218990
2 4.156856 4.156831 0.210492
2 4.143895 4.143874 0.212454
2 4.147230 4.147206 0.209100
2 4.143507 4.143506 0.214142
2 4.139511 4.139504 0.206683
2 4.130097 4.130094 0.212251
2 4.145762 4.145714 0.212173
2 4.140577 4.140553 0.209824
2 4.144401 4.144375 0.210905
2 4.142090 4.142089 0.210652
2 4.135524 4.135499 0.213193
2 4.154177 4.154171 0.209514
2 4.137702 4.137681 0.212970
2 4.134054 4.134033 0.212591
2 4.136483 4.136478 0.209028
2 4.143108 4.143087 0.211797
2 4.137580 4.137555 0.211957
2 4.138222 4.138220 0.209913
2 4.150703 4.150679 0.215978
2 4.141653 4.141630 0.209181
2 4.148329 4.148305 0.205214
2 4.141104 4.141101 0.212210
2 4.144935 4.144911 0.211622
2 4.141983 4.141980 0.212400
2 4.140712 4.140710 0.213245
2 4.140515 4.140512 0.214248
2 4.139932 4.139907 0.212153
2 4.141526 4.141501 0.208939
2 4.144419 4.144394 0.205443
2 4.145952 4.145923 0.203974
2 4.260666 4.260663 0.237696
4 2.287711 2.287705 0.404257
4 2.288838 2.288819 0.403714
4 2.289272 2.289265 0.409889
4 2.289450 2.289444 0.404232
4 2.289374 2.289367 0.412933
4 2.289601 2.289592 0.408459
4 2.289801 2.289792 0.411732
4 2.291128 2.291122 0.412992
4 2.290259 2.290253 0.409455
4 2.283661 2.283654 0.399479
4 2.293992 2.293983 0.413158
4 2.288305 2.288298 0.406725
4 2.288014 2.288006 0.416021
4 2.290150 2.290141 0.407391
4 2.296575 2.296564 0.414261
4 2.292348 2.292336 0.425775
4 2.293421 2.293409 0.408951
4 2.288592 2.288585 0.409408
4 2.288527 2.288518 0.404885
4 2.291973 2.291971 0.426956
4 2.286427 2.286426 0.412131
4 2.292544 2.292540 0.416532
4 2.288875 2.288868 0.410399
4 2.289506 2.289497 0.411850
4 2.286977 2.286967 0.403523
4 2.284830 2.284816 0.402325
4 2.283245 2.283232 0.396992
4 2.281440 2.281433 0.393523
4 2.285300 2.285288 0.397899
4 2.284137 2.284130 0.397639
4 2.284285 2.284279 0.404612
4 2.286145 2.286136 0.402182
4 2.292606 2.292599 0.417385
4 2.282009 2.282000 0.399653
4 2.289731 2.289728 0.407758
4 2.282107 2.282097 0.399522
4 2.282605 2.282595 0.396294
4 2.283919 2.283916 0.398790
4 2.282455 2.282436 0.394032
4 2.279850 2.279849 0.393541
4 2.281358 2.281351 0.389518
4 2.280994 2.280991 0.396693
4 2.288221 2.288212 0.412947
4 2.286233 2.286226 0.403832
4 2.283005 2.282996 0.401557
4 2.287414 2.287406 0.405730
4 2.282033 2.282021 0.394398
4 2.291076 2.291073 0.419107
4 2.291345 2.291341 0.410947
4 2.284888 2.284880 0.401230
4 2.285873 2.285865 0.408423
4 2.284435 2.284428 0.399487
4 2.290875 2.290866 0.414797
4 2.286666 2.286657 0.411046
4 2.282335 2.282332 0.402710
4 2.283390 2.283381 0.397673
4 2.291331 2.291320 0.417115
4 2.284239 2.284231 0.405891
4 2.282845 2.282837 0.401720
4 2.289557 2.289551 0.412463
4 2.282781 2.282779 0.400068
4 2.291494 2.291485 0.412712
4 2.287134 2.287130 0.409385
4 2.297831 2.297822 0.421878
4 2.283575 2.283566 0.407091
4 2.289368 2.289359 0.408985
4 2.283212 2.283203 0.402791
4 2.282842 2.282834 0.400117
4 2.288951 2.288949 0.411009
4 2.283352 2.283343 0.400823
4 2.284954 2.284946 0.403324
4 2.283130 2.283114 0.403095
4 2.290560 2.290557 0.407233
4 2.283582 2.283575 0.394535
4 2.284818 2.284815 0.396342
4 2.282072 2.282066 0.390564
4 2.281998 2.281987 0.401878
4 2.288900 2.288893 0.406167
4 2.281526 2.281524 0.398305
4 2.288224 2.288215 0.410711
4 2.295383 2.295375 0.412833
4 2.291426 2.291418 0.419133
4 2.289843 2.289828 0.410970
4 2.287542 2.287534 0.408312
4 2.288816 2.288803 0.404078
4 2.290155 2.290147 0.408004
4 2.294564 2.294558 0.405289
4 2.298055 2.298045 0.413782
4 2.284903 2.284902 0.401150
4 2.291080 2.291073 0.418130
4 2.288764 2.288756 0.406270
4 2.282894 2.282886 0.401457
4 2.288045 2.288037 0.401879
4 2.286955 2.286949 0.400533
4 2.286602 2.286586 0.401167
4 2.291601 2.291598 0.398000
4 2.284398 2.284384 0.393043
4 2.285197 2.285196 0.397575
4 2.282433 2.282428 0.392133
4 2.459170 2.459161 0.593599
8 1.781503 1.781500 0.913745
8 1.777134 1.777130 0.905211
8 1.786158 1.786154 0.897492
8 1.779525 1.779524 0.875415
8 1.787523 1.787519 0.886254
8 1.779600 1.779595 0.873358
8 1.771040 1.771036 0.846822
8 1.776543 1.776535 0.858247
8 1.778232 1.778224 0.847115
8 1.771750 1.771743 0.848943
8 1.773732 1.773729 0.833170
8 1.772677 1.772675 0.847099
8 1.771037 1.771033 0.860741
8 1.772955 1.772952 0.853064
8 1.775972 1.775969 0.842147
8 1.779058 1.779054 0.853767
8 1.781350 1.781349 0.844976
8 1.766107 1.766104 0.853489
8 1.768454 1.768451 0.829566
8 1.772559 1.772556 0.865086
8 1.769217 1.769215 0.846026
8 1.771096 1.771090 0.919205
8 1.780325 1.780320 0.878023
8 1.778260 1.778257 0.859122
8 1.776000 1.775998 0.841463
8 1.776095 1.776091 0.858898
8 1.772610 1.772599 0.850040
8 1.768309 1.768306 0.838009
8 1.772136 1.772135 0.870648
8 1.769666 1.769663 1.035692
8 1.774426 1.774423 0.843287
8 1.774011 1.774008 0.867765
8 1.775925 1.775924 0.849314
8 1.776127 1.776122 0.872607
8 1.773241 1.773237 0.832074
8 1.779060 1.779053 0.871877
8 1.777501 1.777498 0.845184
8 1.765670 1.765668 0.850190
8 1.773104 1.773100 0.849634
8 1.773870 1.773867 0.899499
8 1.781555 1.781550 0.929616
8 1.787499 1.787498 0.910981
8 1.778082 1.778077 0.863026
8 1.770583 1.770579 0.878492
8 1.772956 1.772950 0.868685
8 1.775129 1.775127 0.856230
8 1.764390 1.764386 0.845831
8 1.777791 1.777788 0.876074
8 1.772220 1.772216 0.854711
8 1.771204 1.771202 0.863775
8 1.776636 1.776633 0.850336
8 1.778437 1.778434 0.875322
8 1.771577 1.771573 0.853118
8 1.771679 1.771677 0.848828
8 1.769535 1.769534 0.852765
8 1.760983 1.760974 0.965071
8 1.769944 1.769932 1.070717
8 1.774279 1.774275 0.914270
8 1.785252 1.785244 0.919626
8 1.781158 1.781141 0.905851
8 1.764919 1.764910 0.920816
8 1.792253 1.792245 0.913668
8 1.765455 1.765446 0.903595
8 1.772820 1.772804 0.898684
8 1.776850 1.776845 0.908396
8 1.788257 1.788251 0.930747
8 1.782822 1.782813 0.899174
8 1.786285 1.786276 0.890276
8 1.769394 1.769390 0.885968
8 1.778807 1.778797 0.922417
8 1.770992 1.770991 0.904658
8 1.777348 1.777342 0.908159
8 1.766783 1.766779 0.896571
8 1.767792 1.767767 0.896642
8 1.805389 1.805383 0.924044
8 1.795417 1.795412 0.906941
8 1.798461 1.798443 0.886329
8 1.773879 1.773871 0.897539
8 1.808688 1.808679 0.928633
8 1.811009 1.811004 0.903488
8 1.804941 1.804934 0.941850
8 1.802533 1.802524 0.910725
8 1.798903 1.798896 0.907655
8 1.808065 1.808060 0.913195
8 1.791886 1.791881 0.908121
8 1.775389 1.775385 0.839997
8 1.766980 1.766975 0.885440
8 1.749480 1.749471 0.848448
8 1.723914 1.723910 0.833332
8 1.736325 1.736322 0.847588
8 1.727446 1.727439 0.834197
8 1.769092 1.769090 0.847365
8 1.721643 1.721640 0.832641
8 1.740647 1.740643 0.836575
8 1.712652 1.712649 0.846094
8 1.738853 1.738851 0.828834
8 1.725147 1.725143 0.873668
8 1.738047 1.738044 0.828879
8 1.742740 1.742730 0.819668
8 1.719907 1.719902 1.734879
