8.263595,  6.542665, 0.000000, 0.273593, 0.633119, 0.023559
8.313031,  6.632967, 0.000000, 0.277623, 0.631848, 0.023522
8.250775,  6.596739, 0.000000, 0.276731, 0.642369, 0.023514
8.226982,  6.578050, 0.000000, 0.274813, 0.631960, 0.023592
8.195871,  6.527625, 0.000000, 0.271395, 0.628207, 0.023567
8.183307,  6.555111, 0.000000, 0.275654, 0.635582, 0.023594
8.193686,  6.550468, 0.000000, 0.275933, 0.636265, 0.023531
8.357077,  6.558615, 0.000000, 0.275230, 0.631378, 0.023466
8.260996,  6.548921, 0.000000, 0.277138, 0.635260, 0.023902
8.646379,  6.519510, 0.000000, 0.274583, 0.670041, 0.024173
8.213062,  6.530145, 0.000000, 0.272189, 0.632635, 0.023904
8.384596,  6.546511, 0.000000, 0.272533, 0.627574, 0.023779
8.350402,  6.588332, 0.000000, 0.277903, 0.632258, 0.023633
8.235707,  6.535749, 0.000000, 0.275293, 0.628173, 0.023699
8.175428,  6.551966, 0.000000, 0.275726, 0.630508, 0.023895
8.166946,  6.547309, 0.000000, 0.274882, 0.634129, 0.023408
8.257428,  6.555197, 0.000000, 0.275543, 0.632877, 0.023632
8.273305,  6.523842, 0.000000, 0.275039, 0.629814, 0.023446
8.172462,  6.515891, 0.000000, 0.259641, 0.631249, 0.023338
8.230908,  6.544728, 0.000000, 0.273294, 0.635285, 0.023601
8.290376,  6.678841, 0.000000, 0.277719, 0.632563, 0.023932
8.202225,  6.584176, 0.000000, 0.276196, 0.630802, 0.023500
8.306907,  6.567569, 0.000000, 0.278230, 0.632767, 0.023786
8.238487,  6.577173, 0.000000, 0.275476, 0.634619, 0.023854
8.248108,  6.533684, 0.000000, 0.263568, 0.621082, 0.023500
8.283712,  6.540568, 0.000000, 0.275244, 0.631757, 0.023637
8.206572,  6.567818, 0.000000, 0.276570, 0.635954, 0.024016
8.234669,  6.584284, 0.000000, 0.277158, 0.630987, 0.023756
8.304502,  6.543754, 0.000000, 0.273297, 0.633229, 0.024298
8.312647,  6.558126, 0.000000, 0.275970, 0.637845, 0.023684
8.278454,  6.570190, 0.000000, 0.276103, 0.632352, 0.023765
8.268049,  6.547772, 0.000000, 0.273600, 0.631616, 0.023758
8.275683,  6.554268, 0.000000, 0.274167, 0.629415, 0.023650
8.218041,  6.590203, 0.000000, 0.275349, 0.634173, 0.023657
8.433056,  6.545969, 0.000000, 0.275727, 0.655807, 0.023737
8.262185,  6.521689, 0.000000, 0.274498, 0.631295, 0.023734
8.280436,  6.566721, 0.000000, 0.277173, 0.638289, 0.023650
8.313866,  6.662147, 0.000000, 0.278481, 0.631901, 0.023582
8.178369,  6.537187, 0.000000, 0.275276, 0.632996, 0.023580
8.266292,  6.617877, 0.000000, 0.275079, 0.634267, 0.023503
8.228170,  6.568638, 0.000000, 0.275986, 0.628272, 0.023732
8.315477,  6.553980, 0.000000, 0.275706, 0.636164, 0.023681
8.262757,  6.586539, 0.000000, 0.276464, 0.635767, 0.023683
8.279314,  6.576468, 0.000000, 0.276575, 0.634922, 0.024169
8.189239,  6.537920, 0.000000, 0.273328, 0.628032, 0.023562
8.976806,  6.592301, 0.000000, 0.277416, 0.683897, 0.023793
8.222361,  6.547882, 0.000000, 0.275011, 0.632909, 0.023748
8.251191,  6.574123, 0.000000, 0.274693, 0.642730, 0.023990
8.214664,  6.567467, 0.000000, 0.276522, 0.630830, 0.023694
8.266697,  6.544703, 0.000000, 0.273724, 0.640772, 0.023495
6.613678,  4.407028, 0.000000, 0.127930, 0.978495, 0.012867
6.560783,  4.358382, 0.000000, 0.126544, 0.972815, 0.012873
6.600941,  4.384932, 0.000000, 0.128040, 0.971508, 0.012845
6.427323,  4.409596, 0.000000, 0.129264, 0.976095, 0.012820
6.600978,  4.385199, 0.000000, 0.128308, 0.967819, 0.013719
6.625714,  4.410610, 0.000000, 0.128635, 0.990242, 0.012810
6.599410,  4.395325, 0.000000, 0.129166, 0.967351, 0.012944
6.476759,  4.400394, 0.000000, 0.127582, 0.960410, 0.012803
6.474494,  4.414194, 0.000000, 0.130606, 0.929591, 0.013013
6.543106,  4.410718, 0.000000, 0.128570, 0.969254, 0.013030
6.493281,  4.399776, 0.000000, 0.129078, 0.970924, 0.013638
6.553799,  4.425944, 0.000000, 0.129067, 0.957690, 0.013093
6.716805,  4.407577, 0.000000, 0.128240, 0.989027, 0.012867
6.527646,  4.384433, 0.000000, 0.123674, 0.976244, 0.012641
6.747519,  4.382673, 0.000000, 0.127375, 0.969455, 0.012751
6.464424,  4.409956, 0.000000, 0.128634, 0.948425, 0.013143
6.508749,  4.388561, 0.000000, 0.128451, 0.972192, 0.012837
6.595429,  4.415331, 0.000000, 0.129335, 0.966398, 0.012815
6.591429,  4.391986, 0.000000, 0.129088, 0.950187, 0.012973
6.733132,  4.403552, 0.000000, 0.126369, 0.997812, 0.012824
6.461459,  4.416237, 0.000000, 0.127632, 0.984610, 0.012800
6.701339,  4.381345, 0.000000, 0.128337, 0.981079, 0.012817
6.502701,  4.387375, 0.000000, 0.127893, 0.982596, 0.012942
6.504142,  4.472591, 0.000000, 0.129498, 0.976113, 0.012713
6.482218,  4.403358, 0.000000, 0.129366, 0.956351, 0.012824
6.487359,  4.410735, 0.000000, 0.129292, 0.972880, 0.012952
6.425079,  4.404544, 0.000000, 0.127713, 0.968089, 0.012911
6.673977,  4.385764, 0.000000, 0.128499, 0.975122, 0.012825
6.523613,  4.408599, 0.000000, 0.127417, 0.991282, 0.013117
6.474685,  4.412862, 0.000000, 0.128241, 0.964962, 0.013263
6.411262,  4.401659, 0.000000, 0.127298, 0.950231, 0.012945
6.476134,  4.425529, 0.000000, 0.129129, 0.971574, 0.012876
6.580104,  4.406046, 0.000000, 0.127721, 0.987495, 0.012780
6.576109,  4.505280, 0.000000, 0.130273, 0.983497, 0.013052
6.538723,  4.412335, 0.000000, 0.129127, 0.998690, 0.012634
6.631397,  4.383210, 0.000000, 0.128011, 0.913524, 0.013601
6.516244,  4.405043, 0.000000, 0.127121, 0.990283, 0.012757
6.465311,  4.423360, 0.000000, 0.128035, 0.994425, 0.013014
6.630134,  4.431791, 0.000000, 0.127842, 0.968110, 0.012904
6.503353,  4.389248, 0.000000, 0.127758, 0.988030, 0.013577
6.487062,  4.411816, 0.000000, 0.126937, 0.974050, 0.013345
6.481720,  4.425502, 0.000000, 0.129085, 0.971358, 0.015215
6.392168,  4.399263, 0.000000, 0.126231, 0.887174, 0.012746
6.454961,  4.404106, 0.000000, 0.127348, 0.973088, 0.012958
6.481119,  4.407707, 0.000000, 0.126887, 0.923061, 0.012893
6.683992,  4.390943, 0.000000, 0.127370, 0.976590, 0.012785
6.423131,  4.407032, 0.000000, 0.127239, 0.955970, 0.012737
6.469729,  4.406065, 0.000000, 0.126809, 0.975919, 0.012952
6.472472,  4.402391, 0.000000, 0.127489, 0.974496, 0.012924
6.528880,  4.392453, 0.000000, 0.127209, 0.970254, 0.012864
5.712130,  3.023619, 0.000000, 0.060672, 1.140815, 0.007086
6.292995,  3.033629, 0.000000, 0.058065, 1.184542, 0.006502
6.212333,  3.105972, 0.000000, 0.066926, 1.203656, 0.006478
5.759107,  3.058685, 0.000000, 0.061205, 1.200878, 0.006489
5.893300,  3.015631, 0.000000, 0.060547, 1.182592, 0.006449
6.229506,  3.014620, 0.000000, 0.057483, 1.188237, 0.006593
5.897331,  3.018227, 0.000000, 0.058614, 1.199276, 0.006464
5.740679,  3.029085, 0.000000, 0.060934, 1.227553, 0.006579
5.894989,  3.017090, 0.000000, 0.061475, 1.181961, 0.006727
5.591411,  3.009940, 0.000000, 0.058873, 1.162576, 0.006145
5.705920,  3.015183, 0.000000, 0.058712, 1.164981, 0.006352
5.714845,  3.020081, 0.000000, 0.061222, 1.185018, 0.006427
5.883294,  3.015568, 0.000000, 0.058873, 1.245244, 0.006262
5.793236,  3.025392, 0.000000, 0.060036, 1.211778, 0.006559
5.676293,  3.023052, 0.000000, 0.061901, 1.157611, 0.006200
5.754949,  3.021558, 0.000000, 0.063268, 1.197096, 0.006519
6.050536,  3.034610, 0.000000, 0.060857, 1.228723, 0.006316
6.329972,  3.019221, 0.000000, 0.058773, 1.173036, 0.005950
5.737335,  3.013865, 0.000000, 0.060018, 1.131266, 0.006492
5.682922,  3.018305, 0.000000, 0.061710, 1.166294, 0.006437
5.797533,  3.017421, 0.000000, 0.061128, 1.198017, 0.006599
5.715770,  3.032667, 0.000000, 0.060926, 1.108352, 0.006264
5.756077,  3.018213, 0.000000, 0.060478, 1.236907, 0.006290
5.876758,  3.026785, 0.000000, 0.060034, 1.165926, 0.006481
5.863378,  3.017353, 0.000000, 0.061665, 1.171588, 0.006450
5.678270,  3.011844, 0.000000, 0.061060, 1.185446, 0.006244
5.744160,  3.016747, 0.000000, 0.060886, 1.199093, 0.006400
5.851874,  3.045717, 0.000000, 0.061139, 1.191841, 0.006479
5.810430,  3.013966, 0.000000, 0.060749, 1.198627, 0.006567
5.646066,  3.011545, 0.000000, 0.060733, 1.169391, 0.006269
5.745861,  3.030119, 0.000000, 0.059362, 1.228241, 0.006407
5.878276,  3.180577, 0.000000, 0.065961, 1.149872, 0.007060
5.713256,  3.059397, 0.000000, 0.060585, 1.231688, 0.006172
5.707635,  3.019932, 0.000000, 0.061366, 1.122455, 0.006664
5.764751,  3.011541, 0.000000, 0.060356, 1.180804, 0.006453
5.881632,  3.032100, 0.000000, 0.060447, 1.244424, 0.006480
5.796180,  3.012123, 0.000000, 0.059123, 1.197306, 0.006444
6.030558,  3.018809, 0.000000, 0.061228, 1.185693, 0.006438
5.632355,  3.061937, 0.000000, 0.060868, 1.138230, 0.006180
5.846762,  3.017588, 0.000000, 0.060521, 1.212734, 0.006523
5.676562,  3.018011, 0.000000, 0.061544, 1.161733, 0.006165
5.691186,  3.016126, 0.000000, 0.060327, 1.208157, 0.006495
5.816293,  3.014085, 0.000000, 0.059419, 1.219954, 0.006551
5.739807,  3.017248, 0.000000, 0.061115, 1.183483, 0.006297
5.672123,  3.032478, 0.000000, 0.060312, 1.094253, 0.006424
5.930890,  3.016716, 0.000000, 0.063027, 1.191528, 0.006414
5.745192,  3.024837, 0.000000, 0.058423, 1.237198, 0.006412
5.781043,  3.019751, 0.000000, 0.058606, 1.238814, 0.006780
5.696521,  3.018195, 0.000000, 0.060636, 1.198734, 0.006473
5.743663,  3.010034, 0.000000, 0.060725, 1.256481, 0.006465
4.495775,  2.189065, 0.000000, 0.042096, 0.899440, 0.004869
4.489088,  2.167804, 0.000000, 0.041341, 0.982024, 0.004761
4.492799,  2.165935, 0.000000, 0.039977, 1.075144, 0.005192
4.791624,  2.167669, 0.000000, 0.039559, 1.027325, 0.004765
4.556487,  2.165185, 0.000000, 0.040346, 1.076817, 0.005013
5.133748,  2.161584, 0.000000, 0.037650, 1.016752, 0.004941
4.538100,  2.166974, 0.000000, 0.040246, 1.122080, 0.004741
4.543939,  2.162645, 0.000000, 0.039522, 1.046441, 0.005210
4.497771,  2.176391, 0.000000, 0.041676, 1.174633, 0.004726
4.497190,  2.170279, 0.000000, 0.040387, 1.127131, 0.005407
4.425976,  2.169653, 0.000000, 0.040876, 1.165173, 0.004856
5.061641,  2.174399, 0.000000, 0.038763, 1.140240, 0.004841
4.504245,  2.180270, 0.000000, 0.040738, 1.022040, 0.004793
4.516349,  2.165250, 0.000000, 0.041364, 1.029461, 0.004944
4.498826,  2.168910, 0.000000, 0.041517, 1.064050, 0.004988
4.439538,  2.159809, 0.000000, 0.041937, 1.016927, 0.005286
4.553277,  2.178870, 0.000000, 0.041499, 1.098820, 0.004726
4.684070,  2.174013, 0.000000, 0.041842, 1.130215, 0.004757
4.630603,  2.165246, 0.000000, 0.041827, 1.122758, 0.004997
4.901401,  2.159669, 0.000000, 0.041133, 1.124263, 0.004867
4.453346,  2.173664, 0.000000, 0.040644, 1.040668, 0.004994
4.399558,  2.166703, 0.000000, 0.039428, 1.174017, 0.004983
4.536939,  2.165538, 0.000000, 0.041275, 0.931703, 0.004995
4.669736,  2.171242, 0.000000, 0.041236, 0.975391, 0.004763
5.323563,  2.162184, 0.000000, 0.039097, 1.094640, 0.005240
4.756424,  2.157817, 0.000000, 0.039544, 1.042459, 0.004806
4.673093,  2.205070, 0.000000, 0.041423, 0.796648, 0.005013
4.751266,  2.173725, 0.000000, 0.040393, 0.993075, 0.005417
4.540625,  2.167330, 0.000000, 0.041220, 1.225043, 0.005112
4.492202,  2.164431, 0.000000, 0.040017, 1.122174, 0.005157
4.493001,  2.170158, 0.000000, 0.041136, 1.004311, 0.005415
4.579371,  2.171199, 0.000000, 0.038479, 1.096760, 0.005108
4.498492,  2.173072, 0.000000, 0.039092, 0.873545, 0.004803
4.595461,  2.172896, 0.000000, 0.041757, 1.041559, 0.004767
4.455830,  2.178268, 0.000000, 0.041683, 1.128439, 0.004772
4.441225,  2.162865, 0.000000, 0.039430, 1.086464, 0.004822
5.366235,  2.154359, 0.000000, 0.038402, 1.132124, 0.004820
4.430162,  2.162998, 0.000000, 0.041547, 0.980406, 0.004815
4.459419,  2.181071, 0.000000, 0.040666, 1.055389, 0.004946
4.483759,  2.169557, 0.000000, 0.039630, 1.162001, 0.004827
4.468094,  2.176883, 0.000000, 0.039614, 1.003629, 0.004851
5.346258,  2.162582, 0.000000, 0.041919, 1.061966, 0.004938
4.616417,  2.170688, 0.000000, 0.041219, 1.089053, 0.004898
4.541709,  2.191133, 0.000000, 0.040366, 1.044787, 0.004679
4.475594,  2.173735, 0.000000, 0.040682, 1.006211, 0.004861
4.563270,  2.170779, 0.000000, 0.040739, 0.993995, 0.005071
4.453031,  2.173424, 0.000000, 0.040132, 1.036414, 0.004828
5.377296,  2.163399, 0.000000, 0.038347, 1.119578, 0.004716
4.662844,  2.172822, 0.000000, 0.040558, 1.104957, 0.004844
5.467119,  2.162020, 0.000000, 0.036344, 1.089979, 0.004648
4.153133,  1.875522, 0.000000, 0.018839, 1.202690, 0.006308
4.550379,  1.863209, 0.000000, 0.018103, 1.152531, 0.005997
4.132888,  1.868189, 0.000000, 0.019520, 1.131299, 0.005833
4.510129,  1.870030, 0.000000, 0.018934, 1.241978, 0.006294
4.145081,  1.878863, 0.000000, 0.018171, 1.134979, 0.005131
4.360231,  1.865224, 0.000000, 0.020579, 1.199330, 0.006388
4.115960,  1.868022, 0.000000, 0.018872, 1.218122, 0.006277
4.150961,  1.871085, 0.000000, 0.018329, 1.201333, 0.006871
4.304051,  1.872094, 0.000000, 0.019217, 1.135293, 0.006376
4.940589,  1.859914, 0.000000, 0.017997, 1.156271, 0.005180
4.300316,  1.862968, 0.000000, 0.018145, 1.186101, 0.006112
4.123803,  1.863369, 0.000000, 0.019884, 1.167196, 0.006014
4.260575,  1.874332, 0.000000, 0.019625, 1.176733, 0.005199
4.175731,  1.874703, 0.000000, 0.019383, 1.194651, 0.006139
4.451895,  1.864725, 0.000000, 0.017915, 1.143467, 0.006983
4.445729,  1.873258, 0.000000, 0.019561, 1.179680, 0.005195
4.324119,  1.863545, 0.000000, 0.018700, 1.202754, 0.006755
4.357927,  1.870756, 0.000000, 0.019965, 1.213339, 0.005044
4.146031,  1.896846, 0.000000, 0.019932, 1.159703, 0.005200
4.173001,  1.870944, 0.000000, 0.018546, 1.156395, 0.005393
4.388446,  1.871396, 0.000000, 0.019448, 1.220198, 0.005355
4.181898,  1.867015, 0.000000, 0.019664, 1.134215, 0.006179
4.162638,  1.869017, 0.000000, 0.019157, 1.166329, 0.006186
4.111148,  1.867204, 0.000000, 0.018459, 1.155886, 0.006118
4.226827,  1.889545, 0.000000, 0.019171, 1.184944, 0.008415
4.162837,  1.876027, 0.000000, 0.019142, 1.116030, 0.006436
5.098297,  1.868918, 0.000000, 0.018377, 1.152486, 0.005449
4.459170,  1.859637, 0.000000, 0.019203, 1.157816, 0.005573
4.526542,  1.855825, 0.000000, 0.017713, 1.192820, 0.005058
4.084898,  1.860702, 0.000000, 0.019197, 1.199508, 0.005308
4.867818,  1.861406, 0.000000, 0.018736, 1.171991, 0.006177
4.518536,  1.868470, 0.000000, 0.018737, 1.175310, 0.005168
4.728439,  1.870712, 0.000000, 0.018701, 1.169939, 0.005426
4.121263,  1.865342, 0.000000, 0.019046, 1.224965, 0.005201
4.391424,  1.869282, 0.000000, 0.019370, 1.200169, 0.007608
4.148548,  1.870308, 0.000000, 0.019672, 1.144988, 0.005975
4.424419,  1.857119, 0.000000, 0.017779, 1.085589, 0.005165
4.159011,  1.867225, 0.000000, 0.019155, 1.148831, 0.006276
4.280597,  1.876647, 0.000000, 0.019410, 1.145547, 0.006138
4.228460,  1.867380, 0.000000, 0.018598, 1.173099, 0.005599
4.625489,  1.867441, 0.000000, 0.019096, 1.256429, 0.006095
4.369545,  1.860142, 0.000000, 0.019537, 1.128173, 0.005599
4.084115,  1.866256, 0.000000, 0.019246, 1.152903, 0.005446
4.324967,  1.873225, 0.000000, 0.018818, 1.158140, 0.005743
4.334292,  1.859605, 0.000000, 0.019155, 1.165670, 0.005950
4.206115,  1.880078, 0.000000, 0.019718, 1.181345, 0.006257
4.113767,  1.874875, 0.000000, 0.019186, 1.172148, 0.007383
4.143232,  1.867515, 0.000000, 0.019509, 1.194184, 0.005117
4.137043,  1.872389, 0.000000, 0.018889, 1.187075, 0.006012
4.209823,  1.864831, 0.000000, 0.019322, 1.141708, 0.005414
