5.599649,  2.175808, 0.000000, 0.032088, 0.790662, 0.004836
5.488881,  2.178169, 0.000000, 0.031267, 0.781805, 0.004854
5.602413,  2.181679, 0.000000, 0.030960, 0.755526, 0.005106
5.646832,  2.190978, 0.000000, 0.031190, 0.768408, 0.004907
5.635962,  2.187981, 0.000000, 0.032034, 0.781516, 0.004715
5.574190,  2.181044, 0.000000, 0.030756, 0.745199, 0.004808
5.721732,  2.168686, 0.000000, 0.030697, 0.766005, 0.004657
5.629226,  2.187185, 0.000000, 0.030361, 0.755485, 0.004672
5.520644,  2.178046, 0.000000, 0.030648, 0.765046, 0.004630
5.604280,  2.182217, 0.000000, 0.031020, 0.756811, 0.005337
5.560073,  2.185225, 0.000000, 0.030992, 0.734782, 0.004931
5.818781,  2.184918, 0.000000, 0.031053, 0.756903, 0.004931
5.693341,  2.186378, 0.000000, 0.031172, 0.778896, 0.004524
5.559520,  2.176990, 0.000000, 0.031379, 0.777663, 0.004936
5.705010,  2.180765, 0.000000, 0.031451, 0.748054, 0.004908
5.574329,  2.179099, 0.000000, 0.030631, 0.767780, 0.005277
5.771174,  2.181843, 0.000000, 0.031356, 0.772609, 0.004930
5.759008,  2.187641, 0.000000, 0.031437, 0.769474, 0.004725
5.708234,  2.192181, 0.000000, 0.030482, 0.766876, 0.004937
6.057454,  2.191175, 0.000000, 0.031652, 0.759571, 0.004886
5.644091,  2.191694, 0.000000, 0.030136, 0.750764, 0.005065
5.587977,  2.194459, 0.000000, 0.031934, 0.773064, 0.004766
5.562867,  2.185767, 0.000000, 0.030594, 0.768164, 0.004863
5.521012,  2.178199, 0.000000, 0.031490, 0.753702, 0.004715
5.544846,  2.187269, 0.000000, 0.032474, 0.738248, 0.005160
5.460493,  2.182949, 0.000000, 0.030787, 0.745903, 0.004945
5.678558,  2.184237, 0.000000, 0.032312, 0.777123, 0.004696
5.677928,  2.183727, 0.000000, 0.031442, 0.738085, 0.004724
5.586815,  2.191384, 0.000000, 0.031263, 0.755033, 0.005148
5.746341,  2.177688, 0.000000, 0.030300, 0.790169, 0.005055
5.639663,  2.174052, 0.000000, 0.030955, 0.776683, 0.004831
5.590255,  2.175367, 0.000000, 0.031269, 0.740292, 0.005194
5.540358,  2.179145, 0.000000, 0.030785, 0.774510, 0.004774
5.483725,  2.184510, 0.000000, 0.030796, 0.780777, 0.004893
5.586581,  2.182763, 0.000000, 0.031910, 0.770411, 0.005103
5.550031,  2.179295, 0.000000, 0.031589, 0.745703, 0.004904
5.617748,  2.190760, 0.000000, 0.031599, 0.763070, 0.004776
5.541664,  2.185721, 0.000000, 0.031874, 0.751883, 0.004787
5.614002,  2.167263, 0.000000, 0.030800, 0.772445, 0.004622
5.737038,  2.186193, 0.000000, 0.031509, 0.768391, 0.004726
5.646094,  2.176465, 0.000000, 0.030710, 0.744568, 0.004910
5.838806,  2.176382, 0.000000, 0.030055, 0.778925, 0.004865
5.777351,  2.179587, 0.000000, 0.030289, 0.723542, 0.004949
5.706101,  2.179415, 0.000000, 0.031683, 0.777282, 0.004554
5.619793,  2.193847, 0.000000, 0.031193, 0.770149, 0.004674
5.610998,  2.178539, 0.000000, 0.032172, 0.785799, 0.004883
5.582939,  2.178451, 0.000000, 0.032232, 0.747454, 0.004951
5.542614,  2.219955, 0.000000, 0.031542, 0.766734, 0.004836
5.738551,  2.168103, 0.000000, 0.030767, 0.762096, 0.004887
5.830829,  2.196965, 0.000000, 0.030576, 0.781942, 0.004709
4.170566,  1.899473, 0.000000, 0.019913, 1.212153, 0.004915
4.332132,  1.881610, 0.000000, 0.019202, 1.189437, 0.004786
4.090463,  1.892352, 0.000000, 0.020080, 1.173389, 0.004827
4.669804,  1.878927, 0.000000, 0.018589, 1.236802, 0.004916
4.111908,  1.875532, 0.000000, 0.019455, 1.183911, 0.004949
4.109495,  1.886500, 0.000000, 0.019553, 1.239184, 0.005318
4.139325,  1.886505, 0.000000, 0.019243, 1.150131, 0.004836
4.251404,  1.881526, 0.000000, 0.019875, 1.245430, 0.006359
4.161888,  1.891628, 0.000000, 0.019975, 1.237883, 0.005363
4.368981,  1.880104, 0.000000, 0.019036, 1.222435, 0.004860
4.187903,  1.877992, 0.000000, 0.019040, 1.167090, 0.004999
4.411523,  1.894306, 0.000000, 0.019092, 1.150396, 0.004805
4.164461,  1.892658, 0.000000, 0.019860, 1.202567, 0.004944
4.106074,  1.902717, 0.000000, 0.018830, 1.136106, 0.004778
4.289222,  1.881744, 0.000000, 0.019153, 1.166816, 0.005630
4.099509,  1.881443, 0.000000, 0.019703, 1.104489, 0.004780
4.247791,  1.879533, 0.000000, 0.018617, 1.170848, 0.005093
4.344024,  1.877551, 0.000000, 0.019487, 1.135180, 0.004968
4.206538,  1.876928, 0.000000, 0.019800, 1.146446, 0.004748
4.290501,  1.889214, 0.000000, 0.020260, 1.219989, 0.004970
4.217602,  1.885925, 0.000000, 0.019320, 1.179335, 0.004732
4.681050,  1.879082, 0.000000, 0.018162, 1.208142, 0.004698
4.166844,  1.884486, 0.000000, 0.018993, 1.165074, 0.004986
4.209249,  1.881195, 0.000000, 0.019731, 1.247103, 0.005069
4.214733,  1.884447, 0.000000, 0.019483, 1.194527, 0.005793
4.320324,  1.878702, 0.000000, 0.019100, 1.166569, 0.005299
4.120627,  1.889417, 0.000000, 0.019736, 1.188910, 0.005202
4.121761,  1.892392, 0.000000, 0.019948, 1.184248, 0.004845
4.171917,  1.890651, 0.000000, 0.019361, 1.185877, 0.004734
4.213658,  1.883305, 0.000000, 0.019373, 1.204072, 0.005146
4.105777,  1.890383, 0.000000, 0.019955, 1.201469, 0.005301
4.175920,  1.897584, 0.000000, 0.019563, 1.165228, 0.004942
4.220201,  1.887731, 0.000000, 0.019757, 1.212961, 0.005376
4.210607,  1.886112, 0.000000, 0.019629, 1.176519, 0.004606
4.177574,  1.906535, 0.000000, 0.020154, 1.225257, 0.006440
4.305147,  1.878507, 0.000000, 0.019668, 1.207583, 0.005121
4.120369,  1.880682, 0.000000, 0.018897, 1.200241, 0.005054
4.180829,  1.885962, 0.000000, 0.019346, 1.168418, 0.005119
5.033450,  1.878968, 0.000000, 0.018616, 1.211919, 0.004689
4.203945,  1.886110, 0.000000, 0.020031, 1.143997, 0.005146
4.297266,  1.894720, 0.000000, 0.019678, 1.220059, 0.005116
4.105638,  1.894459, 0.000000, 0.020021, 1.162567, 0.004776
4.470042,  1.890253, 0.000000, 0.018868, 1.202921, 0.004735
4.190478,  1.917519, 0.000000, 0.019564, 1.161900, 0.005111
4.421087,  1.886471, 0.000000, 0.018576, 1.176733, 0.004597
4.317631,  1.877230, 0.000000, 0.019027, 1.170697, 0.005342
4.205897,  1.883839, 0.000000, 0.019046, 1.131098, 0.004924
4.707402,  1.881854, 0.000000, 0.018189, 1.192627, 0.005112
4.120659,  1.898977, 0.000000, 0.019622, 1.201679, 0.005041
4.117111,  1.899339, 0.000000, 0.019326, 1.230928, 0.005484
