6.557546,  4.373892, 0.000000, 0.129968, 1.199302, 0.005705
6.438767,  4.360887, 0.000000, 0.127350, 1.175826, 0.005771
6.475219,  4.376163, 0.000000, 0.128508, 1.170356, 0.005822
6.416245,  4.381964, 0.000000, 0.129774, 1.156771, 0.005827
6.483780,  4.379153, 0.000000, 0.128634, 1.183373, 0.005852
6.548088,  4.370517, 0.000000, 0.127646, 1.191814, 0.005885
6.484648,  4.378241, 0.000000, 0.129744, 1.181096, 0.005992
6.578758,  4.428749, 0.000000, 0.134418, 1.182111, 0.005754
6.608990,  4.362246, 0.000000, 0.128587, 1.164919, 0.005750
6.539785,  4.361134, 0.000000, 0.127949, 1.195895, 0.006032
6.503108,  4.367169, 0.000000, 0.129301, 1.181203, 0.005710
6.483936,  4.380728, 0.000000, 0.128681, 1.182825, 0.005836
6.661961,  4.370469, 0.000000, 0.128399, 1.201723, 0.005904
6.620192,  4.360752, 0.000000, 0.127169, 1.202402, 0.005795
6.671429,  4.366533, 0.000000, 0.128536, 1.187246, 0.005860
6.578799,  4.366707, 0.000000, 0.128489, 1.162382, 0.005685
6.454953,  4.384423, 0.000000, 0.128979, 1.198126, 0.005666
6.458696,  4.373430, 0.000000, 0.129382, 1.168325, 0.005914
6.483133,  4.378081, 0.000000, 0.128568, 1.177325, 0.006032
6.591685,  4.360525, 0.000000, 0.126210, 1.209568, 0.005596
6.467967,  4.373242, 0.000000, 0.128203, 1.201810, 0.005661
6.550067,  4.372097, 0.000000, 0.129049, 1.196945, 0.005667
6.517947,  4.375104, 0.000000, 0.128016, 1.188237, 0.005480
6.607393,  4.371605, 0.000000, 0.127647, 1.173404, 0.005857
6.605108,  4.358935, 0.000000, 0.129868, 1.184839, 0.005876
6.488695,  4.370780, 0.000000, 0.128390, 1.173751, 0.005851
6.524817,  4.374449, 0.000000, 0.129118, 1.170807, 0.005884
6.556690,  4.434281, 0.000000, 0.128559, 1.187342, 0.005673
6.503653,  4.374332, 0.000000, 0.129322, 1.191282, 0.005962
6.470728,  4.386551, 0.000000, 0.128647, 1.169787, 0.006029
6.419996,  4.380017, 0.000000, 0.128574, 1.160976, 0.005723
6.474089,  4.383291, 0.000000, 0.128001, 1.191077, 0.009295
6.679616,  4.348940, 0.000000, 0.127673, 1.178819, 0.005808
6.699599,  4.362464, 0.000000, 0.128202, 1.196123, 0.005964
6.473764,  4.348688, 0.000000, 0.127539, 1.168784, 0.005861
6.510679,  4.370586, 0.000000, 0.128842, 1.166669, 0.006016
6.461240,  4.370516, 0.000000, 0.129948, 1.182497, 0.005925
6.466448,  4.385168, 0.000000, 0.128273, 1.195163, 0.005638
6.554455,  4.463761, 0.000000, 0.128614, 1.193736, 0.005785
6.503171,  4.388551, 0.000000, 0.127981, 1.196202, 0.008890
6.569636,  4.364779, 0.000000, 0.127572, 1.186971, 0.006377
6.479744,  4.389260, 0.000000, 0.127611, 1.165054, 0.008956
6.495434,  4.374590, 0.000000, 0.127861, 1.118486, 0.005797
6.530984,  4.372464, 0.000000, 0.128430, 1.193792, 0.005959
6.482417,  4.375439, 0.000000, 0.128148, 1.157391, 0.005940
6.505313,  4.374710, 0.000000, 0.127455, 1.168420, 0.005762
6.504279,  4.374737, 0.000000, 0.128390, 1.171003, 0.005652
6.475070,  4.393599, 0.000000, 0.129336, 1.185050, 0.005639
6.457808,  4.382735, 0.000000, 0.127970, 1.159921, 0.005870
6.605526,  4.368457, 0.000000, 0.127391, 1.184512, 0.005807
5.726481,  3.072928, 0.000000, 0.082612, 1.675768, 0.004863
5.785319,  3.090630, 0.000000, 0.083187, 1.743314, 0.004358
6.134375,  3.080358, 0.000000, 0.086104, 1.721619, 0.004568
6.105419,  3.090275, 0.000000, 0.083168, 1.709510, 0.004442
5.751742,  3.086168, 0.000000, 0.081891, 1.645901, 0.004592
5.693807,  3.084977, 0.000000, 0.079769, 1.687675, 0.004276
5.755382,  3.118555, 0.000000, 0.084934, 1.712728, 0.004286
6.336048,  3.112513, 0.000000, 0.082936, 1.742630, 0.004354
5.941947,  3.097053, 0.000000, 0.085588, 1.710501, 0.004582
5.859874,  3.070894, 0.000000, 0.080800, 1.573093, 0.004344
5.720221,  3.076825, 0.000000, 0.079211, 1.704945, 0.004275
5.732756,  3.118434, 0.000000, 0.085052, 1.685657, 0.004396
5.895731,  3.078516, 0.000000, 0.083530, 1.658439, 0.006993
5.949847,  3.072978, 0.000000, 0.083117, 1.784092, 0.004397
5.702997,  3.080952, 0.000000, 0.085033, 1.677648, 0.004386
6.210813,  3.075580, 0.000000, 0.080855, 1.727950, 0.004475
5.786998,  3.076106, 0.000000, 0.084352, 1.743820, 0.004358
6.264619,  3.062094, 0.000000, 0.083691, 1.684499, 0.004169
5.744794,  3.080676, 0.000000, 0.082567, 1.695858, 0.004190
5.692967,  3.084584, 0.000000, 0.085553, 1.664551, 0.004504
6.011686,  3.100774, 0.000000, 0.086776, 1.749257, 0.004472
5.732082,  3.081292, 0.000000, 0.083390, 1.706497, 0.004339
5.772042,  3.074381, 0.000000, 0.080108, 1.725528, 0.004358
5.891541,  3.090165, 0.000000, 0.081504, 1.755163, 0.004296
5.740322,  3.071497, 0.000000, 0.083090, 1.722108, 0.004435
5.980025,  3.071757, 0.000000, 0.081606, 1.723243, 0.004163
6.154823,  3.071832, 0.000000, 0.084046, 1.758772, 0.004342
6.098945,  3.087420, 0.000000, 0.081989, 1.793875, 0.004306
5.700620,  3.075405, 0.000000, 0.084421, 1.689088, 0.004238
5.670027,  3.089429, 0.000000, 0.080590, 1.633718, 0.004331
5.962938,  3.094753, 0.000000, 0.081041, 1.736386, 0.004370
5.767928,  3.070840, 0.000000, 0.085613, 1.627481, 0.004926
5.713779,  3.071346, 0.000000, 0.083298, 1.704869, 0.004285
5.887942,  3.073863, 0.000000, 0.082891, 1.651999, 0.004525
5.779382,  3.080097, 0.000000, 0.080356, 1.742473, 0.004456
5.980719,  3.078420, 0.000000, 0.083898, 1.762534, 0.004317
5.729257,  3.102942, 0.000000, 0.083300, 1.688464, 0.004197
5.714180,  3.072428, 0.000000, 0.082521, 1.681505, 0.004245
5.655210,  3.092938, 0.000000, 0.082589, 1.619319, 0.004257
5.871011,  3.094617, 0.000000, 0.085287, 1.777528, 0.004378
5.694198,  3.078383, 0.000000, 0.082009, 1.622368, 0.004428
6.104948,  3.099758, 0.000000, 0.080783, 1.695016, 0.004272
5.867923,  3.082187, 0.000000, 0.084433, 1.771124, 0.004312
5.753944,  3.076308, 0.000000, 0.082373, 1.694082, 0.004381
5.685914,  3.086184, 0.000000, 0.087347, 1.622737, 0.004385
5.740310,  3.072240, 0.000000, 0.086327, 1.731754, 0.004275
5.785539,  3.070021, 0.000000, 0.083443, 1.758365, 0.004452
6.040049,  3.079525, 0.000000, 0.079946, 1.770303, 0.004597
6.081512,  3.074887, 0.000000, 0.082283, 1.675712, 0.004513
5.768674,  3.072700, 0.000000, 0.082178, 1.736840, 0.004378
4.505418,  2.201328, 0.000000, 0.039469, 1.305815, 0.004612
5.167659,  2.182125, 0.000000, 0.035616, 1.217036, 0.004598
4.499403,  2.191428, 0.000000, 0.037695, 1.309119, 0.004271
4.632030,  2.203272, 0.000000, 0.037263, 1.247524, 0.004579
4.504670,  2.194732, 0.000000, 0.038971, 1.278415, 0.004643
4.457775,  2.199328, 0.000000, 0.037406, 1.258871, 0.004277
4.666737,  2.194831, 0.000000, 0.038228, 1.206253, 0.004305
4.497826,  2.191022, 0.000000, 0.036995, 1.213820, 0.004890
4.642349,  2.202038, 0.000000, 0.037897, 1.241923, 0.004652
4.559418,  2.218833, 0.000000, 0.039270, 1.227133, 0.005065
4.427360,  2.195736, 0.000000, 0.038273, 1.272233, 0.004447
5.377917,  2.178167, 0.000000, 0.031750, 1.273555, 0.004246
4.498839,  2.190573, 0.000000, 0.034689, 1.254412, 0.004404
4.464383,  2.203373, 0.000000, 0.038220, 1.262749, 0.004495
4.728634,  2.188226, 0.000000, 0.036443, 1.275357, 0.004396
4.459882,  2.192218, 0.000000, 0.040169, 1.232527, 0.005009
4.558228,  2.194674, 0.000000, 0.040378, 1.308632, 0.004457
4.699676,  2.189625, 0.000000, 0.036774, 1.237462, 0.004441
4.495511,  2.206767, 0.000000, 0.039786, 1.289982, 0.004816
5.251085,  2.179450, 0.000000, 0.034651, 1.268570, 0.004033
4.460944,  2.189626, 0.000000, 0.038459, 1.219093, 0.004318
5.343919,  2.178929, 0.000000, 0.032974, 1.253878, 0.004293
4.499232,  2.188757, 0.000000, 0.035799, 1.258513, 0.004078
5.170578,  2.183191, 0.000000, 0.035795, 1.302146, 0.004616
4.543139,  2.199058, 0.000000, 0.039366, 1.287076, 0.004528
4.786623,  2.194559, 0.000000, 0.037954, 1.219239, 0.004499
4.615656,  2.201887, 0.000000, 0.037770, 1.264815, 0.004282
4.899639,  2.197180, 0.000000, 0.035598, 1.308246, 0.004704
4.676995,  2.190176, 0.000000, 0.037960, 1.283305, 0.004673
4.735858,  2.188154, 0.000000, 0.039316, 1.238777, 0.004788
4.720216,  2.194501, 0.000000, 0.038385, 1.275485, 0.004905
5.094248,  2.180364, 0.000000, 0.031915, 1.269917, 0.004745
5.106158,  2.191328, 0.000000, 0.034221, 1.284959, 0.004716
4.548802,  2.192996, 0.000000, 0.037744, 1.234407, 0.004506
4.463418,  2.195517, 0.000000, 0.040014, 1.254259, 0.004522
4.460495,  2.203152, 0.000000, 0.039710, 1.299438, 0.004076
4.606999,  2.199427, 0.000000, 0.037311, 1.312470, 0.004598
4.656039,  2.194810, 0.000000, 0.041048, 1.218814, 0.004375
4.481830,  2.199268, 0.000000, 0.037341, 1.194635, 0.004316
4.494366,  2.189428, 0.000000, 0.035071, 1.281837, 0.004318
4.639160,  2.187631, 0.000000, 0.037048, 1.248100, 0.004537
4.784861,  2.183034, 0.000000, 0.038638, 1.257950, 0.004990
5.344987,  2.181194, 0.000000, 0.035401, 1.273127, 0.004807
4.648273,  2.189918, 0.000000, 0.037376, 1.241625, 0.004295
4.481741,  2.199028, 0.000000, 0.038462, 1.302988, 0.004514
4.744698,  2.194499, 0.000000, 0.039550, 1.257477, 0.004376
4.630647,  2.204951, 0.000000, 0.037291, 1.234965, 0.004929
4.794217,  2.177748, 0.000000, 0.031294, 1.279903, 0.004386
4.533170,  2.199531, 0.000000, 0.040144, 1.268671, 0.004497
4.542375,  2.194466, 0.000000, 0.037888, 1.328983, 0.004292
4.192458,  1.852671, 0.000000, 0.019257, 1.194339, 0.006362
4.219112,  1.854592, 0.000000, 0.020996, 1.225923, 0.006141
4.125992,  1.843055, 0.000000, 0.019240, 1.185146, 0.006033
4.180941,  1.851059, 0.000000, 0.019402, 1.282549, 0.005736
4.311530,  1.842282, 0.000000, 0.019115, 1.255854, 0.005269
4.201387,  1.841597, 0.000000, 0.018985, 1.181981, 0.006924
4.127184,  1.858839, 0.000000, 0.019293, 1.205125, 0.006335
4.138774,  1.843924, 0.000000, 0.020573, 1.193179, 0.006930
4.071470,  1.840376, 0.000000, 0.019394, 1.183144, 0.005908
4.077037,  1.847682, 0.000000, 0.018992, 1.200850, 0.005161
4.079033,  1.853890, 0.000000, 0.019392, 1.125695, 0.007094
4.078178,  1.870521, 0.000000, 0.019617, 1.208296, 0.006070
4.079924,  1.860015, 0.000000, 0.019961, 1.210632, 0.005480
4.446439,  1.837470, 0.000000, 0.018985, 1.229253, 0.005558
4.113136,  1.848163, 0.000000, 0.019895, 1.230222, 0.005774
4.657273,  1.838316, 0.000000, 0.018162, 1.169618, 0.004980
4.390130,  1.843057, 0.000000, 0.018683, 1.161122, 0.005781
4.501123,  1.845121, 0.000000, 0.019601, 1.204708, 0.004952
4.145303,  1.842430, 0.000000, 0.019439, 1.254415, 0.005275
4.346456,  1.854619, 0.000000, 0.019216, 1.177762, 0.005636
4.132818,  1.859778, 0.000000, 0.019383, 1.238319, 0.004889
4.545879,  1.850826, 0.000000, 0.019035, 1.221739, 0.006173
4.184966,  1.847256, 0.000000, 0.019085, 1.221042, 0.006133
4.310380,  1.843887, 0.000000, 0.019240, 1.217669, 0.006343
4.137170,  1.853552, 0.000000, 0.019289, 1.227195, 0.008579
4.162879,  1.857769, 0.000000, 0.018956, 1.214772, 0.005912
4.388165,  1.850532, 0.000000, 0.019216, 1.229859, 0.004810
4.155009,  1.861273, 0.000000, 0.019665, 1.207440, 0.005084
4.110225,  1.841872, 0.000000, 0.019310, 1.150922, 0.004887
4.322585,  1.834400, 0.000000, 0.018624, 1.227840, 0.005384
4.111779,  1.862259, 0.000000, 0.019345, 1.210240, 0.006059
4.107893,  1.866412, 0.000000, 0.019576, 1.212011, 0.005171
4.103983,  1.848616, 0.000000, 0.019664, 1.158416, 0.005925
4.114144,  1.856570, 0.000000, 0.019720, 1.223800, 0.005272
4.197898,  1.852379, 0.000000, 0.019432, 1.222659, 0.007214
4.398512,  1.847591, 0.000000, 0.018767, 1.195100, 0.005940
4.280652,  1.844651, 0.000000, 0.019172, 1.219300, 0.005195
4.305805,  1.847032, 0.000000, 0.019048, 1.222593, 0.005802
4.282661,  1.848241, 0.000000, 0.019215, 1.210506, 0.005569
4.086981,  1.846884, 0.000000, 0.018826, 1.166057, 0.005839
4.490818,  1.833828, 0.000000, 0.019181, 1.237523, 0.006070
4.343625,  1.841469, 0.000000, 0.019457, 1.172932, 0.004901
4.083659,  1.879219, 0.000000, 0.019030, 1.185527, 0.005505
4.115387,  1.846196, 0.000000, 0.019253, 1.200107, 0.005320
4.915277,  1.842319, 0.000000, 0.018437, 1.209314, 0.005915
4.147604,  1.841908, 0.000000, 0.018922, 1.216270, 0.006379
4.103613,  1.856186, 0.000000, 0.018460, 1.186957, 0.007525
4.503300,  1.918881, 0.000000, 0.018265, 1.186219, 0.005759
4.293676,  1.850883, 0.000000, 0.019119, 1.259507, 0.006010
4.281366,  1.849305, 0.000000, 0.019385, 1.200621, 0.005353
