5.737243,  2.157708, 0.000000, 0.030441, 0.787647, 0.004794
5.672662,  2.138282, 0.000000, 0.031409, 0.758009, 0.004594
5.599607,  2.196280, 0.000000, 0.031314, 0.807205, 0.004555
5.789171,  2.150508, 0.000000, 0.029919, 0.773313, 0.004601
5.676248,  2.168962, 0.000000, 0.031368, 0.799187, 0.004417
5.676504,  2.170416, 0.000000, 0.030879, 0.779415, 0.004418
5.577313,  2.150390, 0.000000, 0.030637, 0.804824, 0.004392
5.626048,  2.154466, 0.000000, 0.031405, 0.804452, 0.004582
5.540837,  2.159821, 0.000000, 0.031757, 0.769857, 0.004612
5.577088,  2.157859, 0.000000, 0.031381, 0.780175, 0.005263
5.478621,  2.148933, 0.000000, 0.031213, 0.778346, 0.004487
5.813475,  2.165480, 0.000000, 0.031573, 0.789101, 0.004328
5.573674,  2.168568, 0.000000, 0.031554, 0.787973, 0.004458
5.560362,  2.149216, 0.000000, 0.031654, 0.792774, 0.004511
5.707532,  2.152126, 0.000000, 0.030841, 0.803102, 0.004499
5.572571,  2.153469, 0.000000, 0.031794, 0.814272, 0.005040
5.665770,  2.154873, 0.000000, 0.032141, 0.791490, 0.004448
5.902908,  2.158416, 0.000000, 0.030357, 0.804574, 0.004288
5.604735,  2.153775, 0.000000, 0.031546, 0.795092, 0.004683
6.054015,  2.155295, 0.000000, 0.031125, 0.766518, 0.004421
5.534974,  2.165614, 0.000000, 0.030310, 0.761382, 0.004493
5.580601,  2.155987, 0.000000, 0.030549, 0.791909, 0.004596
5.548363,  2.158431, 0.000000, 0.030409, 0.797076, 0.004357
5.505586,  2.241682, 0.000000, 0.032232, 0.772796, 0.004540
5.535746,  2.163567, 0.000000, 0.031877, 0.789146, 0.004537
5.453539,  2.157976, 0.000000, 0.031406, 0.801418, 0.004568
5.734385,  2.153615, 0.000000, 0.031573, 0.807392, 0.004414
5.800649,  2.144402, 0.000000, 0.030557, 0.780777, 0.004517
5.566880,  2.159673, 0.000000, 0.030602, 0.780198, 0.004620
5.615517,  2.157139, 0.000000, 0.031462, 0.792348, 0.004707
5.557090,  2.154962, 0.000000, 0.030827, 0.793312, 0.004809
5.621133,  2.156129, 0.000000, 0.031286, 0.775624, 0.004809
5.529712,  2.169019, 0.000000, 0.030798, 0.794093, 0.004809
5.477667,  2.152205, 0.000000, 0.030370, 0.784012, 0.004503
5.581930,  2.148765, 0.000000, 0.031424, 0.782989, 0.004815
5.547947,  2.152750, 0.000000, 0.030702, 0.771930, 0.004296
5.692866,  2.164432, 0.000000, 0.031533, 0.788331, 0.004687
5.540824,  2.191135, 0.000000, 0.031830, 0.770482, 0.004330
5.566314,  2.153235, 0.000000, 0.031924, 0.815340, 0.004617
5.633231,  2.161921, 0.000000, 0.031745, 0.778592, 0.004648
5.523833,  2.153916, 0.000000, 0.031570, 0.792310, 0.004699
5.650101,  2.160554, 0.000000, 0.030839, 0.808975, 0.004453
5.605974,  2.155510, 0.000000, 0.031154, 0.802891, 0.004753
5.678547,  2.144533, 0.000000, 0.031235, 0.795591, 0.004238
5.510907,  2.159158, 0.000000, 0.030690, 0.790160, 0.004635
5.746210,  2.142206, 0.000000, 0.030792, 0.789827, 0.004541
5.605562,  2.155995, 0.000000, 0.030466, 0.774941, 0.004743
5.542447,  2.149606, 0.000000, 0.030713, 0.751764, 0.004445
5.600785,  2.158822, 0.000000, 0.030762, 0.796501, 0.004604
5.684992,  2.161613, 0.000000, 0.031842, 0.787756, 0.004373
4.092139,  1.846141, 0.000000, 0.019731, 1.143661, 0.005928
4.179945,  1.849757, 0.000000, 0.019499, 1.194852, 0.005429
4.087160,  1.826865, 0.000000, 0.019860, 1.203639, 0.005587
4.131287,  1.861390, 0.000000, 0.019451, 1.224985, 0.004933
4.353704,  1.841680, 0.000000, 0.018919, 1.154640, 0.005447
4.254006,  1.849541, 0.000000, 0.019323, 1.227816, 0.005838
4.321371,  1.842492, 0.000000, 0.019305, 1.205583, 0.005334
4.110637,  1.839564, 0.000000, 0.019779, 1.159131, 0.007086
4.128432,  1.841379, 0.000000, 0.019815, 1.166462, 0.005657
4.143295,  1.846607, 0.000000, 0.019507, 1.254500, 0.005136
4.143732,  1.845246, 0.000000, 0.019482, 1.205269, 0.005744
4.185585,  1.853502, 0.000000, 0.019718, 1.233273, 0.005619
4.170078,  1.849942, 0.000000, 0.020070, 1.161842, 0.005590
4.508756,  1.850410, 0.000000, 0.018278, 1.204157, 0.005361
4.174646,  1.855838, 0.000000, 0.019327, 1.189660, 0.006043
4.377038,  1.838877, 0.000000, 0.019116, 1.228131, 0.005132
4.188353,  1.840626, 0.000000, 0.019395, 1.216542, 0.005079
4.346393,  1.837090, 0.000000, 0.019656, 1.164295, 0.004950
4.201512,  1.837342, 0.000000, 0.019736, 1.134375, 0.005295
4.103417,  1.851537, 0.000000, 0.019138, 1.271541, 0.005494
4.093073,  1.855268, 0.000000, 0.019649, 1.200611, 0.005558
4.216664,  1.852588, 0.000000, 0.018757, 1.148753, 0.005293
4.099388,  1.838941, 0.000000, 0.019484, 1.180796, 0.005226
4.348999,  1.837318, 0.000000, 0.018906, 1.207751, 0.005321
4.221650,  1.844363, 0.000000, 0.019324, 1.145524, 0.006700
4.099149,  1.837258, 0.000000, 0.019023, 1.191550, 0.005760
4.114261,  1.848174, 0.000000, 0.019847, 1.225196, 0.005112
4.342656,  1.850583, 0.000000, 0.019951, 1.163925, 0.005680
4.168717,  1.840888, 0.000000, 0.019753, 1.193121, 0.005211
4.243378,  1.847542, 0.000000, 0.019365, 1.234134, 0.005559
4.100606,  1.847354, 0.000000, 0.019414, 1.215593, 0.005180
4.312713,  1.844769, 0.000000, 0.019006, 1.210833, 0.005423
4.196320,  1.874182, 0.000000, 0.019426, 1.142381, 0.005857
4.323899,  1.847597, 0.000000, 0.019570, 1.177789, 0.005529
4.340689,  1.838911, 0.000000, 0.019000, 1.200774, 0.006923
4.409860,  1.855868, 0.000000, 0.019737, 1.216566, 0.005729
4.319120,  1.839632, 0.000000, 0.018933, 1.220308, 0.005547
4.113979,  1.844890, 0.000000, 0.019702, 1.223573, 0.005516
4.226331,  1.839017, 0.000000, 0.019272, 1.166732, 0.005410
4.346969,  1.833908, 0.000000, 0.019321, 1.188893, 0.005229
4.295959,  1.853975, 0.000000, 0.019493, 1.221359, 0.005858
4.104328,  1.859276, 0.000000, 0.019745, 1.273165, 0.005598
4.252807,  1.843433, 0.000000, 0.019964, 1.203469, 0.005717
4.180535,  1.841872, 0.000000, 0.019193, 1.187001, 0.005281
4.287480,  1.853651, 0.000000, 0.018328, 1.161273, 0.005462
4.134378,  1.833337, 0.000000, 0.018800, 1.137580, 0.005227
4.193995,  1.839587, 0.000000, 0.019119, 1.208961, 0.005391
4.131550,  1.839673, 0.000000, 0.018987, 1.102565, 0.005992
4.115205,  1.843386, 0.000000, 0.019723, 1.287651, 0.005423
4.430948,  1.845748, 0.000000, 0.018354, 1.187378, 0.005152
