5.675491,  2.157898, 0.000000, 0.029519, 0.792452, 0.004995
5.490758,  2.169209, 0.000000, 0.029716, 0.774292, 0.004997
5.604398,  2.164128, 0.000000, 0.028745, 0.811826, 0.005307
5.641008,  2.163435, 0.000000, 0.029019, 0.787690, 0.005028
5.638959,  2.157443, 0.000000, 0.028949, 0.804514, 0.005150
5.608046,  2.162481, 0.000000, 0.029206, 0.783036, 0.005020
5.576443,  2.156726, 0.000000, 0.029298, 0.804929, 0.004885
5.710735,  2.168664, 0.000000, 0.029014, 0.809892, 0.005037
5.523548,  2.166200, 0.000000, 0.029420, 0.787395, 0.004950
5.576498,  2.160496, 0.000000, 0.028913, 0.783132, 0.005595
5.485750,  2.160246, 0.000000, 0.029467, 0.781075, 0.005052
5.815618,  2.159295, 0.000000, 0.028568, 0.796354, 0.005045
5.579405,  2.171346, 0.000000, 0.029462, 0.793100, 0.004846
5.562625,  2.160030, 0.000000, 0.029869, 0.804743, 0.005090
5.706928,  2.165967, 0.000000, 0.029187, 0.807826, 0.004900
5.792347,  2.155501, 0.000000, 0.028629, 0.816716, 0.005359
5.671974,  2.170645, 0.000000, 0.029271, 0.796302, 0.005082
5.765487,  2.165185, 0.000000, 0.028705, 0.806800, 0.004947
5.607831,  2.171692, 0.000000, 0.029418, 0.795675, 0.005163
6.060792,  2.169425, 0.000000, 0.029075, 0.777317, 0.004889
5.653917,  2.168673, 0.000000, 0.029782, 0.774896, 0.005290
5.624308,  2.168195, 0.000000, 0.029231, 0.796379, 0.004988
5.557008,  2.166794, 0.000000, 0.029494, 0.799051, 0.005006
5.480173,  2.171861, 0.000000, 0.029363, 0.777292, 0.004895
5.668215,  2.148319, 0.000000, 0.029279, 0.794120, 0.005129
5.595998,  2.155440, 0.000000, 0.029319, 0.804365, 0.004946
5.708708,  2.161031, 0.000000, 0.029189, 0.810604, 0.004890
5.675608,  2.156913, 0.000000, 0.028652, 0.782732, 0.005001
5.568622,  2.159217, 0.000000, 0.029511, 0.784704, 0.005254
5.620177,  2.170659, 0.000000, 0.028995, 0.796276, 0.005187
5.552816,  2.155343, 0.000000, 0.029396, 0.793668, 0.005098
5.589599,  2.156101, 0.000000, 0.028819, 0.786480, 0.005239
5.533391,  2.163497, 0.000000, 0.028625, 0.801609, 0.004971
5.482334,  2.163273, 0.000000, 0.030608, 0.784184, 0.004960
5.590983,  2.162036, 0.000000, 0.028550, 0.801668, 0.005178
5.710073,  2.152171, 0.000000, 0.029165, 0.775940, 0.004741
5.615433,  2.159667, 0.000000, 0.028997, 0.797189, 0.004948
5.571500,  2.169022, 0.000000, 0.029619, 0.783333, 0.004832
5.536465,  2.156223, 0.000000, 0.029319, 0.818931, 0.004909
5.629850,  2.168671, 0.000000, 0.029341, 0.784118, 0.005008
5.610132,  2.154687, 0.000000, 0.028159, 0.798060, 0.005146
5.653695,  2.164498, 0.000000, 0.028481, 0.813756, 0.005029
5.615065,  2.163328, 0.000000, 0.028641, 0.805320, 0.005078
5.692205,  2.152512, 0.000000, 0.028088, 0.796894, 0.004693
5.518937,  2.205606, 0.000000, 0.028707, 0.792404, 0.004935
5.611888,  2.166910, 0.000000, 0.028654, 0.791876, 0.004922
5.770009,  2.150348, 0.000000, 0.028646, 0.777150, 0.005030
5.567740,  2.168892, 0.000000, 0.029120, 0.763444, 0.004916
5.605403,  2.171953, 0.000000, 0.029122, 0.800567, 0.004991
5.696293,  2.175008, 0.000000, 0.029623, 0.792567, 0.004949
4.087055,  1.832098, 0.000000, 0.019810, 1.241265, 0.006425
5.033517,  1.822357, 0.000000, 0.018441, 1.258777, 0.006212
4.075205,  1.824103, 0.000000, 0.020088, 1.266936, 0.006053
4.124602,  1.824736, 0.000000, 0.019213, 1.275190, 0.005758
4.148792,  1.830485, 0.000000, 0.019891, 1.240512, 0.006188
4.101048,  1.823267, 0.000000, 0.019544, 1.237434, 0.006069
4.927578,  1.824111, 0.000000, 0.018664, 1.254711, 0.005995
4.114378,  1.813952, 0.000000, 0.020357, 1.256571, 0.007604
4.981280,  1.831074, 0.000000, 0.018872, 1.203506, 0.006469
4.176929,  1.825620, 0.000000, 0.019878, 1.272944, 0.005997
4.129236,  1.823048, 0.000000, 0.019486, 1.259127, 0.005963
4.174371,  1.816227, 0.000000, 0.019772, 1.247518, 0.006288
4.145203,  1.834307, 0.000000, 0.019789, 1.287896, 0.006165
4.100618,  1.832722, 0.000000, 0.018935, 1.247217, 0.005857
4.262119,  1.828175, 0.000000, 0.019399, 1.288732, 0.006488
4.990384,  1.829206, 0.000000, 0.018597, 1.266124, 0.006067
4.225600,  1.834202, 0.000000, 0.019626, 1.283200, 0.005653
4.489946,  1.833990, 0.000000, 0.020259, 1.225414, 0.005678
4.588180,  1.816340, 0.000000, 0.018333, 1.267478, 0.006013
4.121200,  1.822500, 0.000000, 0.019485, 1.260777, 0.006180
4.070085,  1.824550, 0.000000, 0.018168, 1.236389, 0.005900
4.436043,  1.827360, 0.000000, 0.019123, 1.243992, 0.006219
4.092548,  1.826223, 0.000000, 0.019749, 1.200268, 0.005617
4.369780,  1.828158, 0.000000, 0.018962, 1.253344, 0.005984
4.335632,  1.820231, 0.000000, 0.018741, 1.214569, 0.007154
4.436401,  1.827930, 0.000000, 0.019005, 1.183427, 0.006099
4.110037,  1.837784, 0.000000, 0.019918, 1.223431, 0.006071
4.116828,  1.848840, 0.000000, 0.020156, 1.248833, 0.006172
4.361177,  1.821334, 0.000000, 0.019518, 1.268241, 0.005655
4.183688,  1.830419, 0.000000, 0.019355, 1.271019, 0.005982
4.095247,  1.843339, 0.000000, 0.019799, 1.269008, 0.006450
4.681399,  1.824415, 0.000000, 0.018426, 1.251120, 0.006166
4.186261,  1.827710, 0.000000, 0.019423, 1.238977, 0.006373
4.096853,  1.829447, 0.000000, 0.019532, 1.272246, 0.006034
4.275911,  1.828449, 0.000000, 0.019587, 1.276601, 0.007531
4.234891,  1.815515, 0.000000, 0.020218, 1.290483, 0.006086
4.465496,  1.820106, 0.000000, 0.018650, 1.187624, 0.006116
4.156906,  1.822865, 0.000000, 0.019674, 1.272546, 0.005956
4.218694,  1.815561, 0.000000, 0.019371, 1.287147, 0.006112
4.195028,  1.819684, 0.000000, 0.019708, 1.211601, 0.005885
4.284272,  1.848213, 0.000000, 0.019909, 1.246038, 0.006262
4.095983,  1.822786, 0.000000, 0.019968, 1.256733, 0.006016
4.241913,  1.832150, 0.000000, 0.020210, 1.269392, 0.006093
4.179691,  1.823002, 0.000000, 0.019138, 1.245730, 0.006442
4.160779,  1.821903, 0.000000, 0.018764, 1.265211, 0.005995
4.301351,  1.817475, 0.000000, 0.018635, 1.270632, 0.005688
4.231546,  1.831458, 0.000000, 0.018943, 1.205942, 0.005977
4.112439,  1.820496, 0.000000, 0.018819, 1.252361, 0.005837
4.117670,  1.835643, 0.000000, 0.019481, 1.250501, 0.006047
4.655633,  1.820857, 0.000000, 0.017336, 1.277470, 0.005900
