5.725509,  2.999104, 0.000000, 0.068338, 1.765056, 0.005780
5.771013,  2.990606, 0.000000, 0.068053, 1.809710, 0.005671
5.845816,  3.003902, 0.000000, 0.068458, 1.805131, 0.005639
5.770904,  2.994007, 0.000000, 0.068233, 1.781157, 0.005648
5.888530,  2.961360, 0.000000, 0.067833, 1.717980, 0.005311
5.693544,  2.969293, 0.000000, 0.067162, 1.758253, 0.005654
5.800398,  2.973303, 0.000000, 0.066468, 1.765771, 0.005639
5.751972,  2.990763, 0.000000, 0.068744, 1.790527, 0.005215
5.947870,  2.987063, 0.000000, 0.068011, 1.774511, 0.005743
5.601538,  2.965793, 0.000000, 0.066426, 1.644363, 0.005323
5.814170,  2.988894, 0.000000, 0.068439, 1.749261, 0.005660
5.768503,  2.977254, 0.000000, 0.067633, 1.744686, 0.005518
6.175307,  3.016918, 0.000000, 0.067930, 1.739529, 0.005380
6.010554,  2.960262, 0.000000, 0.067061, 1.843166, 0.005561
5.688466,  2.977529, 0.000000, 0.067268, 1.721300, 0.005448
5.757950,  2.961346, 0.000000, 0.067147, 1.777984, 0.005604
5.776029,  2.983871, 0.000000, 0.067842, 1.799823, 0.005320
6.266464,  2.965486, 0.000000, 0.066190, 1.738965, 0.005219
5.763547,  3.039350, 0.000000, 0.067114, 1.768393, 0.005092
5.696860,  2.971816, 0.000000, 0.071100, 1.726789, 0.005446
5.813611,  3.026532, 0.000000, 0.068471, 1.828813, 0.005941
5.728271,  3.018494, 0.000000, 0.068370, 1.748075, 0.005512
5.768882,  2.997978, 0.000000, 0.068022, 1.767521, 0.005447
5.911742,  3.001445, 0.000000, 0.068143, 1.808326, 0.005128
5.751679,  2.958200, 0.000000, 0.066773, 1.770565, 0.005578
5.737932,  2.974474, 0.000000, 0.066844, 1.772509, 0.005145
5.765210,  2.976562, 0.000000, 0.067030, 1.820078, 0.005274
5.969623,  2.977228, 0.000000, 0.066824, 1.853167, 0.005157
6.091268,  2.973829, 0.000000, 0.067054, 1.735294, 0.005586
5.658634,  3.004069, 0.000000, 0.068640, 1.686920, 0.005403
5.760688,  2.988431, 0.000000, 0.068325, 1.787402, 0.005215
6.274441,  2.957842, 0.000000, 0.066183, 1.686923, 0.005764
5.708614,  2.961438, 0.000000, 0.066453, 1.769354, 0.005325
5.699084,  2.969701, 0.000000, 0.068608, 1.731531, 0.005588
5.782082,  3.016274, 0.000000, 0.068963, 1.786595, 0.005676
5.777573,  2.968994, 0.000000, 0.066727, 1.839153, 0.005575
5.685818,  2.961506, 0.000000, 0.066704, 1.747092, 0.005280
5.708386,  2.984073, 0.000000, 0.067017, 1.755070, 0.005116
6.062099,  2.961428, 0.000000, 0.067043, 1.700145, 0.005292
5.862140,  3.043697, 0.000000, 0.068373, 1.830089, 0.005292
5.687414,  2.983325, 0.000000, 0.068731, 1.708299, 0.005530
5.714095,  2.998949, 0.000000, 0.067696, 1.737628, 0.005508
5.823983,  3.063200, 0.000000, 0.071599, 1.837390, 0.005661
5.744428,  2.978215, 0.000000, 0.068016, 1.756826, 0.005424
5.690867,  2.975798, 0.000000, 0.067280, 1.698751, 0.005227
5.868114,  2.987801, 0.000000, 0.068210, 1.769874, 0.005642
5.759430,  2.975900, 0.000000, 0.066793, 1.803741, 0.005623
5.815364,  2.981945, 0.000000, 0.068602, 1.828747, 0.005517
5.714534,  2.976544, 0.000000, 0.066784, 1.748114, 0.005250
5.767640,  2.960040, 0.000000, 0.066542, 1.799310, 0.005504
4.765822,  2.231000, 0.000000, 0.038851, 1.350473, 0.005069
4.417527,  2.253801, 0.000000, 0.042680, 1.257045, 0.005094
4.680740,  2.248347, 0.000000, 0.042215, 1.336759, 0.005686
4.984721,  2.217809, 0.000000, 0.038884, 1.338066, 0.005183
4.544543,  2.227658, 0.000000, 0.038828, 1.291289, 0.005466
4.484353,  2.222805, 0.000000, 0.039876, 1.293096, 0.005463
4.548770,  2.232852, 0.000000, 0.041274, 1.261072, 0.005226
4.481368,  2.256047, 0.000000, 0.041956, 1.265704, 0.005455
4.619722,  2.233046, 0.000000, 0.037673, 1.320930, 0.005164
4.505381,  2.234776, 0.000000, 0.038555, 1.270291, 0.005830
4.437832,  2.230866, 0.000000, 0.040645, 1.277522, 0.005230
4.918715,  2.228984, 0.000000, 0.036829, 1.338726, 0.005236
4.503389,  2.268954, 0.000000, 0.040579, 1.323528, 0.005047
4.637237,  2.221944, 0.000000, 0.040957, 1.296067, 0.005323
4.511160,  2.226021, 0.000000, 0.040759, 1.350283, 0.005231
4.452025,  2.249251, 0.000000, 0.041738, 1.284799, 0.005628
4.564175,  2.225091, 0.000000, 0.040228, 1.377532, 0.005095
4.897219,  2.218833, 0.000000, 0.041017, 1.306029, 0.004999
4.506945,  2.247723, 0.000000, 0.041515, 1.309480, 0.005287
5.033620,  2.223357, 0.000000, 0.041729, 1.324943, 0.005075
4.690076,  2.225401, 0.000000, 0.040174, 1.293682, 0.005731
4.410542,  2.250737, 0.000000, 0.041555, 1.248826, 0.005239
4.690738,  2.226542, 0.000000, 0.041138, 1.316127, 0.005329
4.735252,  2.232284, 0.000000, 0.038362, 1.336069, 0.005128
4.515608,  2.239208, 0.000000, 0.040660, 1.300852, 0.005145
4.446148,  2.229777, 0.000000, 0.041144, 1.287847, 0.005078
4.506513,  2.242274, 0.000000, 0.040998, 1.322851, 0.005310
4.535726,  2.239166, 0.000000, 0.041404, 1.343468, 0.005642
5.103355,  2.218848, 0.000000, 0.037956, 1.307474, 0.005435
4.730539,  2.226832, 0.000000, 0.039672, 1.255474, 0.005321
4.495274,  2.283419, 0.000000, 0.041163, 1.317986, 0.005759
4.446907,  2.226361, 0.000000, 0.039748, 1.275105, 0.005457
4.525433,  2.235146, 0.000000, 0.040975, 1.352120, 0.005161
4.445180,  2.251506, 0.000000, 0.041864, 1.246272, 0.005221
4.482533,  2.267134, 0.000000, 0.041247, 1.304445, 0.005121
4.456802,  2.236474, 0.000000, 0.040605, 1.300707, 0.005111
4.657707,  2.241367, 0.000000, 0.041790, 1.340529, 0.005050
4.737067,  2.223289, 0.000000, 0.040697, 1.289682, 0.005079
4.825820,  2.219537, 0.000000, 0.039258, 1.279517, 0.005289
4.521503,  2.250993, 0.000000, 0.041294, 1.303263, 0.005259
4.495082,  2.252819, 0.000000, 0.042362, 1.326357, 0.005305
4.499869,  2.222535, 0.000000, 0.041840, 1.301477, 0.005429
4.531751,  2.257700, 0.000000, 0.041254, 1.330887, 0.005248
4.586753,  2.249418, 0.000000, 0.040490, 1.270540, 0.004956
4.489761,  2.249161, 0.000000, 0.041676, 1.345564, 0.005404
4.520968,  2.261970, 0.000000, 0.042343, 1.316139, 0.005385
4.463834,  2.259538, 0.000000, 0.040965, 1.282553, 0.005815
4.454765,  2.219282, 0.000000, 0.039354, 1.292890, 0.005072
4.533111,  2.255819, 0.000000, 0.042551, 1.312205, 0.005197
4.746068,  2.224122, 0.000000, 0.040111, 1.378203, 0.005042
4.144469,  1.822610, 0.000000, 0.018102, 1.212388, 0.006876
4.200466,  1.821647, 0.000000, 0.017981, 1.249969, 0.006700
4.631889,  1.809007, 0.000000, 0.017988, 1.235815, 0.006449
4.140367,  1.863356, 0.000000, 0.018949, 1.311651, 0.006411
4.339351,  1.828480, 0.000000, 0.018917, 1.264844, 0.005705
4.966979,  1.820917, 0.000000, 0.017919, 1.220708, 0.007640
4.125156,  1.860696, 0.000000, 0.019081, 1.275041, 0.006761
4.658264,  1.810762, 0.000000, 0.016966, 1.249805, 0.007414
4.064640,  1.817517, 0.000000, 0.019039, 1.217189, 0.006694
4.062063,  1.818166, 0.000000, 0.018632, 1.229788, 0.006196
4.071544,  1.845599, 0.000000, 0.019255, 1.159618, 0.007814
4.123707,  1.825855, 0.000000, 0.019431, 1.256935, 0.006498
4.074698,  1.867999, 0.000000, 0.019544, 1.228407, 0.005943
4.231675,  1.818021, 0.000000, 0.018580, 1.243630, 0.006273
4.228600,  1.834667, 0.000000, 0.018902, 1.279849, 0.009623
4.217353,  1.826083, 0.000000, 0.018117, 1.232755, 0.005748
4.089743,  1.818603, 0.000000, 0.019045, 1.241966, 0.006289
5.055589,  1.812826, 0.000000, 0.018936, 1.220417, 0.005443
4.452916,  1.811959, 0.000000, 0.018169, 1.287796, 0.005740
4.172031,  1.839131, 0.000000, 0.019039, 1.206286, 0.005969
4.352913,  1.827011, 0.000000, 0.019167, 1.246901, 0.005443
4.178973,  1.867048, 0.000000, 0.018908, 1.247403, 0.006839
4.153505,  1.814434, 0.000000, 0.018745, 1.276780, 0.006621
4.289219,  1.813370, 0.000000, 0.018644, 1.249311, 0.006782
4.559144,  1.808027, 0.000000, 0.017330, 1.278910, 0.008932
4.319865,  1.812907, 0.000000, 0.019091, 1.236564, 0.006514
4.268428,  1.812532, 0.000000, 0.018663, 1.258698, 0.005750
4.148213,  1.855611, 0.000000, 0.019282, 1.224486, 0.005706
4.122728,  1.818184, 0.000000, 0.019100, 1.204964, 0.005574
4.120424,  1.817398, 0.000000, 0.018858, 1.261970, 0.005806
4.138555,  1.827355, 0.000000, 0.018680, 1.221636, 0.006571
4.102556,  1.817768, 0.000000, 0.018550, 1.247349, 0.005734
4.118504,  1.817584, 0.000000, 0.019449, 1.236097, 0.006739
4.118574,  1.858942, 0.000000, 0.019517, 1.261121, 0.005818
4.200115,  1.847555, 0.000000, 0.020431, 1.253384, 0.007736
4.159859,  1.810563, 0.000000, 0.018404, 1.242561, 0.006527
4.142441,  1.840664, 0.000000, 0.018982, 1.249304, 0.005817
4.333295,  1.818398, 0.000000, 0.018980, 1.248691, 0.006446
4.967024,  1.808568, 0.000000, 0.018467, 1.245960, 0.006167
4.061626,  1.813376, 0.000000, 0.019040, 1.192429, 0.006954
4.395801,  1.816974, 0.000000, 0.018412, 1.275289, 0.006626
4.321361,  1.813040, 0.000000, 0.019292, 1.196557, 0.006313
4.213576,  1.818457, 0.000000, 0.018780, 1.211134, 0.005665
4.115896,  1.812878, 0.000000, 0.018857, 1.254362, 0.007034
5.029257,  1.818337, 0.000000, 0.017697, 1.279245, 0.006544
4.092404,  1.857058, 0.000000, 0.019139, 1.257104, 0.006906
4.106313,  1.848701, 0.000000, 0.019344, 1.244250, 0.007890
4.141843,  1.843112, 0.000000, 0.019045, 1.230217, 0.005742
4.311537,  1.821131, 0.000000, 0.018838, 1.264340, 0.006581
4.312138,  1.810206, 0.000000, 0.018528, 1.235709, 0.006015
