129.586158,  84.179014, 0.000000, 0.687205, 16.440750, 0.132591
128.677147,  83.965919, 0.000000, 0.693116, 16.743743, 0.133762
128.507569,  84.135208, 0.000000, 0.691701, 16.408465, 0.126582
129.086799,  84.062912, 0.000000, 0.691083, 16.780289, 0.132395
128.860656,  84.108251, 0.000000, 0.691108, 16.449892, 0.127599
128.835618,  84.129734, 0.000000, 0.698997, 16.606022, 0.132391
128.575753,  83.645778, 0.000000, 0.693272, 16.635666, 0.122587
128.817892,  84.630269, 0.000000, 0.693568, 17.025444, 0.120885
128.887693,  83.643218, 0.000000, 0.688609, 17.104726, 0.125930
128.501095,  84.044102, 0.000000, 0.691175, 16.579758, 0.127790
128.715073,  83.822700, 0.000000, 0.691445, 16.761446, 0.122413
129.401400,  84.013419, 0.000000, 0.694796, 16.633394, 0.135755
128.738128,  83.760196, 0.000000, 0.692590, 16.602695, 0.134418
127.870949,  83.977462, 0.000000, 0.693727, 16.374297, 0.127534
128.712910,  83.820798, 0.000000, 0.693930, 16.605300, 0.131009
129.540623,  84.036517, 0.000000, 0.690517, 16.822140, 0.132455
128.186803,  83.828622, 0.000000, 0.694347, 16.404374, 0.121808
128.975587,  85.090493, 0.000000, 0.689035, 16.775545, 0.131930
128.351452,  83.817740, 0.000000, 0.695539, 16.524652, 0.120126
128.276955,  84.308514, 0.000000, 0.695346, 16.391462, 0.126128
128.507763,  84.133307, 0.000000, 0.694112, 16.582694, 0.131976
129.575791,  84.457977, 0.000000, 0.692810, 16.995223, 0.133340
128.452093,  84.156369, 0.000000, 0.608946, 16.733552, 0.132789
128.166311,  83.977312, 0.000000, 0.699885, 16.596594, 0.118831
128.285499,  83.891978, 0.000000, 0.687607, 16.522936, 0.129212
129.061616,  83.685916, 0.000000, 0.690480, 16.809547, 0.135124
128.743179,  84.138037, 0.000000, 0.694803, 16.581383, 0.134427
128.351961,  83.944971, 0.000000, 0.687708, 16.627124, 0.125908
128.643589,  83.901150, 0.000000, 0.684932, 16.492341, 0.124753
128.412984,  84.170788, 0.000000, 0.691724, 16.722877, 0.121436
128.202433,  84.006719, 0.000000, 0.683227, 16.450092, 0.126511
128.344721,  83.748894, 0.000000, 0.686774, 16.689626, 0.120513
128.475246,  83.889930, 0.000000, 0.687678, 16.607616, 0.132108
129.366214,  83.917021, 0.000000, 0.688250, 16.891103, 0.132873
128.568729,  84.287578, 0.000000, 0.677533, 16.507165, 0.120843
129.405554,  84.145721, 0.000000, 0.687552, 16.727814, 0.132299
128.941905,  83.977735, 0.000000, 0.691597, 16.854649, 0.126143
128.945906,  84.031752, 0.000000, 0.703269, 16.634880, 0.137135
128.803007,  83.601612, 0.000000, 0.690898, 16.322862, 0.131549
128.862351,  83.795015, 0.000000, 0.695464, 16.689089, 0.133122
129.821590,  83.900621, 0.000000, 0.694249, 16.999783, 0.132623
128.869715,  83.911246, 0.000000, 0.675409, 16.531231, 0.122195
128.471340,  83.900900, 0.000000, 0.688093, 16.746614, 0.138780
128.950677,  84.992559, 0.000000, 0.691741, 16.850919, 0.129021
129.231867,  83.970896, 0.000000, 0.690072, 16.782502, 0.135008
129.586268,  83.959764, 0.000000, 0.690885, 16.524649, 0.130720
128.902054,  83.976940, 0.000000, 0.690734, 16.637592, 0.132748
128.534778,  83.744049, 0.000000, 0.697461, 16.808635, 0.121010
128.490362,  83.754337, 0.000000, 0.690215, 16.863952, 0.121904
128.707082,  83.785580, 0.000000, 0.688152, 16.714381, 0.124880
177.029099,  120.429196, 0.000000, 0.846343, 36.200850, 0.153386
178.441966,  120.037167, 0.000000, 0.852548, 37.695459, 0.152236
176.305732,  120.541019, 0.000000, 0.849205, 35.309698, 0.155288
176.096217,  119.913092, 0.000000, 0.836044, 35.588235, 0.148956
177.003942,  120.117930, 0.000000, 0.842743, 36.315162, 0.154525
177.690090,  120.192207, 0.000000, 0.843814, 36.234546, 0.150883
175.223507,  120.036027, 0.000000, 0.840210, 34.802249, 0.150316
175.762937,  120.653646, 0.000000, 0.848326, 35.209300, 0.157189
178.280922,  120.108445, 0.000000, 0.847452, 37.799800, 0.140616
175.161520,  120.778541, 0.000000, 0.833445, 34.813951, 0.151704
179.132099,  120.674926, 0.000000, 0.847449, 38.205052, 0.152925
176.442144,  120.374901, 0.000000, 0.840749, 35.714193, 0.152071
175.783034,  120.657247, 0.000000, 0.841896, 35.138329, 0.157910
177.822867,  121.208696, 0.000000, 0.847806, 37.326671, 0.155170
176.829941,  120.449263, 0.000000, 0.844084, 36.159455, 0.150449
175.361031,  120.485915, 0.000000, 0.843459, 34.661706, 0.150982
178.163746,  121.893428, 0.000000, 0.836727, 37.010319, 0.149372
178.319489,  120.525679, 0.000000, 0.845053, 37.461198, 0.152003
175.137087,  120.487055, 0.000000, 0.843996, 34.764286, 0.148597
176.815428,  120.457626, 0.000000, 0.845619, 36.184329, 0.149823
176.699046,  120.410686, 0.000000, 0.842015, 35.143397, 0.131890
174.737905,  120.856732, 0.000000, 0.847898, 34.010140, 0.157792
176.660896,  120.604220, 0.000000, 0.836783, 35.922168, 0.136931
174.886253,  120.053550, 0.000000, 0.838806, 34.226146, 0.154587
177.646466,  120.654242, 0.000000, 0.839435, 36.771245, 0.131752
178.015682,  121.349850, 0.000000, 0.846930, 37.162347, 0.135498
175.852902,  120.665631, 0.000000, 0.843607, 35.804347, 0.152858
176.621825,  120.441770, 0.000000, 0.852275, 36.418212, 0.158946
176.338810,  120.195484, 0.000000, 0.840933, 35.511630, 0.155432
177.687047,  120.603775, 0.000000, 0.844203, 36.709615, 0.150683
178.163805,  120.078182, 0.000000, 0.840278, 37.110904, 0.153193
178.960100,  122.077793, 0.000000, 0.847422, 37.288082, 0.154544
178.646346,  120.825774, 0.000000, 0.848191, 38.019540, 0.152514
176.531019,  120.965030, 0.000000, 0.840758, 35.308950, 0.161456
177.577938,  120.783106, 0.000000, 0.848263, 36.448640, 0.151171
180.114933,  120.442511, 0.000000, 0.836948, 36.984478, 0.156953
177.626321,  120.618668, 0.000000, 0.844636, 36.791900, 0.143416
175.405564,  120.661055, 0.000000, 0.841120, 34.717740, 0.154630
179.302163,  120.305067, 0.000000, 0.836853, 36.258621, 0.148708
175.219058,  120.458602, 0.000000, 0.851469, 35.068605, 0.161890
189.460630,  120.369090, 0.000000, 0.829454, 37.307566, 0.150976
177.048014,  120.456408, 0.000000, 0.841240, 36.034265, 0.160464
177.506651,  121.256156, 0.000000, 0.842939, 37.013343, 0.158301
180.080118,  120.369858, 0.000000, 0.840400, 38.536399, 0.150898
177.522349,  120.453817, 0.000000, 0.850741, 36.884345, 0.151039
177.773555,  120.479174, 0.000000, 0.817177, 36.420873, 0.166882
177.701978,  120.460929, 0.000000, 0.844727, 37.397593, 0.153968
177.396861,  120.194804, 0.000000, 0.836669, 36.451169, 0.164764
176.337485,  120.399665, 0.000000, 0.851258, 35.766410, 0.150863
178.170609,  121.023955, 0.000000, 0.846285, 36.796674, 0.160328
209.565213,  127.941672, 0.000000, 0.570171, 46.312886, 0.152307
208.621865,  128.194361, 0.000000, 0.564774, 46.934038, 0.153923
209.657137,  127.934710, 0.000000, 0.563324, 47.028090, 0.148618
208.417130,  128.604936, 0.000000, 0.577952, 45.979400, 0.157526
208.479923,  127.711674, 0.000000, 0.567433, 46.978725, 0.154108
210.230627,  127.956602, 0.000000, 0.565714, 45.628801, 0.165980
211.683135,  128.159576, 0.000000, 0.578119, 45.052861, 0.182325
211.189048,  128.114282, 0.000000, 0.575657, 44.263549, 0.162860
210.072581,  128.195918, 0.000000, 0.564745, 48.027994, 0.153528
211.335160,  128.385122, 0.000000, 0.576935, 46.398221, 0.159424
209.064613,  128.210031, 0.000000, 0.574321, 45.086673, 0.150333
210.190880,  128.009337, 0.000000, 0.580349, 46.541579, 0.157341
209.132880,  128.283173, 0.000000, 0.582944, 46.352368, 0.153589
211.081499,  128.630774, 0.000000, 0.560758, 48.249021, 0.155270
208.608856,  128.344261, 0.000000, 0.583985, 46.387501, 0.154638
211.070696,  127.824143, 0.000000, 0.579129, 46.503966, 0.152909
212.338500,  128.741547, 0.000000, 0.580601, 47.476566, 0.160020
210.263551,  127.660369, 0.000000, 0.569604, 47.662656, 0.161815
206.868839,  127.834326, 0.000000, 0.566993, 45.457031, 0.155736
211.510078,  128.679907, 0.000000, 0.581088, 45.443777, 0.160387
211.300882,  128.185918, 0.000000, 0.568110, 47.281679, 0.156350
