23.432635,11.911801,0.000000,0.114617,6.501162,0.027495
23.112194,11.879962,0.000000,0.113342,6.450951,0.030437
23.160810,11.928473,0.000000,0.118044,6.421690,0.027694
23.212330,11.922680,0.000000,0.114559,6.353466,0.026869
23.236616,11.967787,0.000000,0.117267,6.610803,0.029593
23.407139,12.082460,0.000000,0.118002,6.269334,0.030924
23.243851,11.950348,0.000000,0.113887,6.256113,0.030004
23.262606,11.953991,0.000000,0.114391,6.242421,0.032033
23.606979,11.946097,0.000000,0.118338,6.412435,0.027427
23.490648,11.971517,0.000000,0.117073,6.145540,0.026787
23.459887,12.026659,0.000000,0.112447,6.319745,0.028552
23.343268,11.930196,0.000000,0.113556,6.524259,0.026772
22.996855,11.991720,0.000000,0.117279,6.595260,0.026887
23.111970,11.968379,0.000000,0.115970,6.549021,0.031245
23.091665,11.989449,0.000000,0.118488,6.468493,0.027182
23.131129,11.982900,0.000000,0.116425,6.545973,0.029825
23.686869,11.958980,0.000000,0.117368,6.256914,0.026739
23.263357,12.081833,0.000000,0.119652,6.352633,0.027228
23.118687,11.928239,0.000000,0.117448,6.386344,0.027653
23.317667,12.029528,0.000000,0.116998,6.276521,0.027659
23.510468,11.989553,0.000000,0.114929,6.350236,0.027435
23.283868,12.003543,0.000000,0.117264,6.454541,0.027428
23.086072,11.946253,0.000000,0.118453,6.753584,0.026983
23.101335,11.968065,0.000000,0.117277,6.457161,0.026928
22.950551,11.918171,0.000000,0.116911,6.476595,0.030671
23.008638,11.975525,0.000000,0.118184,6.285005,0.027431
23.142959,11.988262,0.000000,0.116562,6.334709,0.027079
24.114746,11.960064,0.000000,0.118891,6.471583,0.027208
23.335275,11.968402,0.000000,0.117048,6.608890,0.028096
23.226513,11.904620,0.000000,0.116841,6.585440,0.027490
23.286645,11.951500,0.000000,0.115451,6.494384,0.028760
23.326207,12.069357,0.000000,0.118421,6.434658,0.028129
23.231500,11.984596,0.000000,0.117247,6.209030,0.025922
23.298068,12.052513,0.000000,0.118157,6.454385,0.027070
24.002431,11.951457,0.000000,0.112724,6.504530,0.027772
23.266261,11.957121,0.000000,0.114969,6.319345,0.027053
23.031447,11.970209,0.000000,0.116680,6.590865,0.028174
23.429551,11.967260,0.000000,0.117390,6.319710,0.031012
23.203500,11.993250,0.000000,0.118824,6.530899,0.026653
23.378761,11.980614,0.000000,0.118835,6.249865,0.026926
23.008703,11.987641,0.000000,0.118660,6.483374,0.028042
23.395615,11.988845,0.000000,0.116734,6.428685,0.026840
23.127569,11.919446,0.000000,0.115633,6.412521,0.028721
23.002948,11.859309,0.000000,0.116402,6.657213,0.026583
23.239986,11.909125,0.000000,0.118815,6.265835,0.028657
23.247132,11.902673,0.000000,0.117481,6.554818,0.027374
23.066310,11.918073,0.000000,0.117984,6.364014,0.027005
23.093905,11.961019,0.000000,0.117090,6.472277,0.027238
23.163908,11.880490,0.000000,0.118730,6.186986,0.027107
23.119613,11.941104,0.000000,0.117685,6.380255,0.033385
27.320426,13.036046,0.000000,0.128876,4.432696,0.021700
27.336386,13.068812,0.000000,0.129628,4.425773,0.022924
27.635263,13.071207,0.000000,0.128520,4.406449,0.021274
27.054181,13.120310,0.000000,0.131443,4.415702,0.021676
26.813969,13.001148,0.000000,0.127593,4.335092,0.021276
26.818696,13.081242,0.000000,0.128479,4.412849,0.021375
26.853414,13.058469,0.000000,0.128134,4.400204,0.020374
27.490302,13.033191,0.000000,0.126563,4.452836,0.021519
27.049428,13.168687,0.000000,0.126862,4.432106,0.021015
27.503102,13.052455,0.000000,0.128552,4.416172,0.021294
26.764738,13.072167,0.000000,0.130228,4.410863,0.021846
26.813948,13.257045,0.000000,0.128622,4.445597,0.020979
27.064178,13.062119,0.000000,0.127972,4.424296,0.020530
27.229076,13.061631,0.000000,0.128251,4.442131,0.020790
26.508263,13.055908,0.000000,0.128693,4.385723,0.020423
26.976510,13.061735,0.000000,0.127284,4.353805,0.021230
26.644706,13.054082,0.000000,0.128927,4.364685,0.022561
26.893716,13.054294,0.000000,0.128898,4.387180,0.021269
27.328107,13.119308,0.000000,0.128169,4.423641,0.021653
27.224459,13.143791,0.000000,0.126051,4.397859,0.020612
27.651132,13.086966,0.000000,0.127912,4.438219,0.022167
26.810558,13.057656,0.000000,0.127579,4.393548,0.021465
27.078824,13.094519,0.000000,0.126777,4.379284,0.021089
27.350389,13.112227,0.000000,0.127911,4.370286,0.021239
27.113031,13.056095,0.000000,0.128499,4.422509,0.020355
27.175567,13.057721,0.000000,0.127546,4.366613,0.020752
27.191727,13.051181,0.000000,0.130512,4.430100,0.022742
27.354167,13.083264,0.000000,0.130344,4.446431,0.020752
26.971141,13.042684,0.000000,0.128506,4.455044,0.024583
27.059743,13.071559,0.000000,0.126739,4.431519,0.023063
27.033339,13.172190,0.000000,0.129060,4.452228,0.025430
27.155670,13.085783,0.000000,0.127302,4.387980,0.021396
27.161534,13.052060,0.000000,0.127766,4.412754,0.021877
27.276406,13.089892,0.000000,0.127445,4.380800,0.021412
27.135601,13.065132,0.000000,0.128038,4.363940,0.022497
27.258703,13.281290,0.000000,0.133461,4.468177,0.021494
26.762382,13.078767,0.000000,0.128353,4.395451,0.021457
27.244128,13.106284,0.000000,0.127345,4.442363,0.021388
27.472711,13.096850,0.000000,0.128017,4.450225,0.021786
27.449156,13.055974,0.000000,0.129774,4.467397,0.024769
27.481670,13.088168,0.000000,0.126906,4.336849,0.022465
27.174595,13.051816,0.000000,0.127990,4.476389,0.020516
27.234458,13.206443,0.000000,0.132576,4.339620,0.020501
27.203529,13.041216,0.000000,0.128300,4.384277,0.021281
27.255074,13.059843,0.000000,0.130448,4.444451,0.021039
26.878389,13.037472,0.000000,0.127865,4.414380,0.020761
27.018208,13.087581,0.000000,0.128058,4.457918,0.023130
27.301452,13.060675,0.000000,0.128850,4.452470,0.020520
26.947041,13.042274,0.000000,0.129576,4.427711,0.023126
27.401546,13.067105,0.000000,0.128427,4.453830,0.021332
