23.115648,11.439175,0.000000,0.115394,5.270282,0.143516
23.001254,11.483517,0.000000,0.115661,5.356534,0.151024
23.049444,11.493037,0.000000,0.118931,4.956419,0.146092
22.884093,11.472122,0.000000,0.116777,5.297640,0.147936
22.976268,11.562922,0.000000,0.117176,5.459220,0.152213
23.130729,11.527376,0.000000,0.117060,5.275271,0.150522
23.093075,11.476148,0.000000,0.115172,5.257534,0.149381
23.141388,11.487307,0.000000,0.116035,5.187409,0.150546
23.332072,11.445119,0.000000,0.117933,5.203282,0.146374
23.586315,11.444871,0.000000,0.115218,5.107607,0.140924
23.002047,11.461338,0.000000,0.116407,5.053017,0.149128
23.322343,11.475911,0.000000,0.117452,5.082494,0.146984
22.875304,11.465999,0.000000,0.118988,5.170140,0.144493
23.013585,11.507986,0.000000,0.118662,5.279628,0.151221
23.208239,11.425164,0.000000,0.115160,5.328302,0.146453
23.013848,11.519787,0.000000,0.117967,5.080640,0.146220
23.521555,11.558444,0.000000,0.119968,5.059576,0.146287
23.059013,11.476010,0.000000,0.118368,5.254810,0.147057
23.013785,11.466394,0.000000,0.118318,5.145034,0.146324
23.045154,11.560337,0.000000,0.116729,5.324285,0.147403
23.590786,11.454309,0.000000,0.117388,5.043326,0.147550
23.167972,11.533556,0.000000,0.118151,5.501825,0.145054
22.968261,11.495028,0.000000,0.119176,5.115681,0.147747
22.960718,11.517446,0.000000,0.116657,5.075118,0.147636
22.856136,11.436502,0.000000,0.117684,4.999593,0.147317
23.411629,11.449195,0.000000,0.116681,4.799643,0.148046
23.944028,11.528301,0.000000,0.116619,5.247202,0.146969
23.381159,11.594627,0.000000,0.118593,5.323293,0.147147
23.385530,11.514444,0.000000,0.117721,5.311806,0.147534
23.148783,11.490964,0.000000,0.117753,5.176111,0.148933
23.140811,11.487679,0.000000,0.116075,5.136670,0.148352
23.535985,11.605386,0.000000,0.114278,5.085350,0.148016
23.265430,11.533678,0.000000,0.117246,5.115374,0.147569
23.218263,11.485267,0.000000,0.116407,5.137519,0.146899
23.153714,11.678231,0.000000,0.118166,5.228099,0.148689
23.356862,11.505316,0.000000,0.116806,4.742905,0.147452
22.917514,11.499840,0.000000,0.115650,5.019930,0.147702
23.312854,11.599079,0.000000,0.119954,5.334683,0.150556
23.095432,11.523942,0.000000,0.119778,5.433668,0.148698
23.266083,11.485035,0.000000,0.116313,5.443727,0.146823
22.882746,11.433347,0.000000,0.117898,4.979327,0.147860
22.903978,11.466355,0.000000,0.116865,5.408258,0.145966
22.982249,11.420463,0.000000,0.114188,5.216353,0.144858
22.926687,11.397743,0.000000,0.116975,5.329689,0.146178
23.117492,11.377222,0.000000,0.115929,4.926338,0.147419
23.164209,11.431112,0.000000,0.115273,5.296663,0.146591
22.956451,11.433107,0.000000,0.117034,4.980273,0.144433
23.018696,11.507379,0.000000,0.116644,5.164109,0.147824
23.160638,11.404739,0.000000,0.119396,5.085895,0.143733
22.908910,11.423522,0.000000,0.117761,5.196675,0.149100
27.459495,13.645469,0.000000,0.188394,3.871702,0.199293
27.459449,13.643462,0.000000,0.186180,3.880028,0.197646
27.849101,13.611110,0.000000,0.189411,3.835804,0.199510
27.265432,13.621322,0.000000,0.184260,3.828754,0.199095
27.074821,13.610816,0.000000,0.128033,3.780925,0.199492
27.091220,13.629811,0.000000,0.181318,3.856167,0.197042
26.964082,13.623257,0.000000,0.188801,3.842953,0.198048
27.539824,13.695414,0.000000,0.184073,3.903230,0.196349
27.027207,13.643165,0.000000,0.187138,3.856145,0.197789
27.588151,13.630454,0.000000,0.187502,3.872909,0.200012
26.875571,13.666122,0.000000,0.189331,3.857149,0.195895
26.917735,13.620049,0.000000,0.189282,3.859868,0.197521
27.189179,13.672176,0.000000,0.186554,3.863686,0.198776
27.391486,13.628264,0.000000,0.130216,3.880712,0.198088
26.623399,13.624155,0.000000,0.185779,3.828089,0.192043
27.085888,13.619878,0.000000,0.184767,3.795750,0.195250
26.786661,13.663173,0.000000,0.188724,3.824813,0.200135
27.003431,13.609117,0.000000,0.185496,3.815944,0.196169
27.316617,13.658546,0.000000,0.188041,3.849297,0.200038
27.337632,13.675206,0.000000,0.183503,3.836747,0.196993
27.819490,13.696540,0.000000,0.184898,3.878011,0.194022
26.823310,13.610908,0.000000,0.129402,3.843183,0.196258
27.108451,13.874214,0.000000,0.130138,3.831960,0.203307
27.525421,13.708957,0.000000,0.129344,3.830749,0.195906
27.220509,13.613656,0.000000,0.181311,3.856117,0.197248
27.209761,13.638287,0.000000,0.184110,3.823237,0.191999
27.334952,13.719551,0.000000,0.192977,3.875585,0.196444
27.467683,13.640012,0.000000,0.190578,3.878900,0.196883
27.084757,13.632669,0.000000,0.187290,3.902541,0.198353
27.166693,13.635871,0.000000,0.181649,3.876057,0.190891
26.950617,13.606733,0.000000,0.187256,3.886582,0.204749
27.227134,13.599405,0.000000,0.187024,3.842712,0.196390
27.284341,13.573785,0.000000,0.128620,3.855040,0.197588
27.389278,13.658277,0.000000,0.186650,3.819472,0.196386
27.152354,13.670939,0.000000,0.186266,3.814507,0.197531
27.279447,13.658223,0.000000,0.187137,3.881266,0.197121
26.871703,13.627005,0.000000,0.186136,3.837895,0.195481
27.387007,13.623591,0.000000,0.184033,3.859601,0.196006
27.397849,13.634530,0.000000,0.187147,3.889419,0.195810
27.692315,13.614048,0.000000,0.189599,3.913543,0.201190
27.597212,13.669330,0.000000,0.128438,3.806791,0.197608
27.204508,13.634588,0.000000,0.191355,3.891487,0.200023
27.282532,13.648510,0.000000,0.185744,3.796245,0.198026
27.431584,13.574755,0.000000,0.184164,3.833773,0.194599
27.486948,13.590955,0.000000,0.190042,3.859476,0.195432
26.986645,13.636617,0.000000,0.183905,3.856702,0.197205
27.288082,13.648719,0.000000,0.130951,3.896602,0.198190
27.463007,13.645414,0.000000,0.187456,3.890996,0.196929
26.988005,13.621013,0.000000,0.131614,3.858207,0.198967
27.514623,13.703894,0.000000,0.184527,3.896148,0.195929
