23.145169,11.271922,0.000000,0.119160,7.375603,0.020098
23.040232,11.286305,0.000000,0.118839,7.254321,0.017602
23.143903,11.274371,0.000000,0.119489,7.466467,0.017549
23.443741,11.310717,0.000000,0.114420,7.201097,0.017437
23.518415,11.271263,0.000000,0.121110,7.217630,0.017110
23.057734,11.208884,0.000000,0.117061,7.368077,0.017973
23.296212,11.299509,0.000000,0.118606,7.217339,0.016418
23.404968,11.216736,0.000000,0.115992,7.496179,0.017107
23.244722,11.129385,0.000000,0.118486,7.506017,0.018117
23.197031,11.427070,0.000000,0.118526,7.315043,0.017546
22.990133,11.236263,0.000000,0.122162,7.434310,0.017402
22.907040,11.313446,0.000000,0.119112,7.098654,0.017290
22.897045,11.285797,0.000000,0.118600,7.173597,0.019880
23.136412,11.240934,0.000000,0.118793,7.310948,0.017393
23.396255,11.269538,0.000000,0.114064,7.483950,0.017466
23.232744,11.191840,0.000000,0.116089,7.270667,0.018692
23.401050,11.251546,0.000000,0.121710,7.237214,0.016818
23.914730,11.145312,0.000000,0.111570,7.245656,0.016754
23.077700,11.221443,0.000000,0.116114,7.193414,0.017231
23.027322,11.247627,0.000000,0.121323,7.238704,0.017748
23.358911,11.456852,0.000000,0.119263,7.205713,0.016683
23.227292,11.253080,0.000000,0.117388,7.178696,0.017074
22.880862,11.192186,0.000000,0.112694,7.357027,0.016855
23.144425,11.217515,0.000000,0.118566,7.335577,0.017235
22.833202,11.274663,0.000000,0.117329,7.163121,0.021359
22.927171,11.237569,0.000000,0.114526,7.179750,0.017615
22.986821,11.167207,0.000000,0.117430,7.416376,0.017244
23.185442,11.274096,0.000000,0.117885,7.373470,0.017244
23.895096,11.146154,0.000000,0.116022,7.313756,0.016469
22.895446,11.196534,0.000000,0.117962,7.262697,0.017458
23.305737,11.264078,0.000000,0.119792,7.323566,0.017772
23.737042,11.290743,0.000000,0.115091,7.268572,0.016312
23.090171,11.262744,0.000000,0.120072,7.220336,0.016792
22.988119,11.239828,0.000000,0.117446,7.340166,0.016718
23.205356,11.265764,0.000000,0.114753,7.378302,0.016783
23.079558,11.251934,0.000000,0.113941,7.281265,0.017144
22.920621,11.286764,0.000000,0.120446,7.278607,0.017779
23.285639,11.224625,0.000000,0.115129,7.317922,0.017876
23.492491,11.319923,0.000000,0.116645,7.294427,0.016552
24.208758,11.240740,0.000000,0.115405,7.353869,0.016636
22.820705,11.244398,0.000000,0.118366,7.194461,0.017736
23.344813,11.271069,0.000000,0.117584,7.166650,0.017560
22.963702,11.206945,0.000000,0.115520,7.437754,0.019705
22.822279,11.207403,0.000000,0.117233,7.204691,0.017501
23.010730,11.205571,0.000000,0.116740,7.261901,0.016529
23.245762,11.241662,0.000000,0.118580,7.404658,0.016942
23.170093,11.230882,0.000000,0.117560,7.244103,0.018496
23.134670,11.267091,0.000000,0.120195,7.281813,0.017537
23.180456,11.239132,0.000000,0.119245,7.369120,0.019317
23.044089,11.190450,0.000000,0.120237,7.336689,0.019031
26.681359,14.421040,0.000000,0.189838,8.090879,0.021798
26.315341,14.347957,0.000000,0.197218,8.119114,0.022896
26.636690,14.363099,0.000000,0.195567,8.325554,0.023280
26.123196,14.371511,0.000000,0.191210,7.896178,0.022606
25.829552,14.433528,0.000000,0.197813,7.720603,0.023973
25.899655,14.406167,0.000000,0.201536,7.715763,0.023486
25.788208,14.376401,0.000000,0.194156,7.714013,0.022846
26.423905,14.393262,0.000000,0.192089,8.331235,0.023315
26.895192,14.356559,0.000000,0.194618,7.861768,0.022990
26.794538,14.401545,0.000000,0.198526,8.332683,0.022743
25.896960,14.390963,0.000000,0.195454,7.710693,0.023187
25.709728,14.360774,0.000000,0.141349,7.665129,0.022729
26.035149,14.402238,0.000000,0.142237,7.961810,0.022006
26.259661,14.391163,0.000000,0.137494,8.055867,0.022669
25.774976,14.352145,0.000000,0.194101,7.442401,0.022538
26.147268,14.368968,0.000000,0.195051,7.516695,0.023685
26.215501,14.469186,0.000000,0.192283,7.529529,0.023801
25.790678,14.385526,0.000000,0.196702,7.675150,0.023304
26.486974,14.359148,0.000000,0.198764,8.115087,0.023578
26.344021,14.388549,0.000000,0.139748,7.798965,0.021905
26.600104,14.343304,0.000000,0.192212,8.485116,0.025577
25.874167,14.459677,0.000000,0.188057,7.571453,0.023398
25.956877,14.353041,0.000000,0.194427,7.627954,0.023052
26.444013,14.440977,0.000000,0.196624,8.253083,0.023431
26.205629,14.439636,0.000000,0.199585,8.120260,0.022546
26.011012,14.373264,0.000000,0.196161,7.925558,0.022711
26.179908,14.433939,0.000000,0.196696,7.959929,0.023338
26.505221,14.469878,0.000000,0.141078,8.352604,0.021653
26.056370,14.362614,0.000000,0.196921,7.918707,0.022947
26.270204,14.393173,0.000000,0.196364,7.928986,0.026568
25.752763,14.384115,0.000000,0.195990,7.681393,0.023593
25.997677,14.315313,0.000000,0.191792,7.913244,0.023640
26.176351,14.386908,0.000000,0.190723,8.133909,0.022560
26.293066,14.349221,0.000000,0.197522,8.259683,0.024616
26.020882,14.344204,0.000000,0.139038,7.878870,0.023017
26.369940,14.402487,0.000000,0.137843,7.964829,0.023732
25.772913,14.434094,0.000000,0.141589,7.683589,0.023574
26.774343,14.408843,0.000000,0.135612,8.112265,0.023236
26.566826,14.360276,0.000000,0.202625,8.146153,0.023911
26.749589,14.396407,0.000000,0.195493,8.144284,0.025602
26.521914,14.382936,0.000000,0.184630,8.387182,0.023406
26.004589,14.389880,0.000000,0.198530,7.964920,0.022274
26.117720,14.377675,0.000000,0.196439,8.021514,0.022427
26.341483,14.389929,0.000000,0.198473,8.062039,0.023619
26.520084,14.442841,0.000000,0.189805,8.163581,0.023496
26.772307,14.370867,0.000000,0.188739,7.774126,0.022657
26.012244,14.342561,0.000000,0.199858,7.885737,0.022922
26.375029,14.462896,0.000000,0.137717,8.285607,0.022546
26.154427,14.410168,0.000000,0.199182,7.847275,0.022574
26.471335,14.403478,0.000000,0.197111,8.373898,0.023274
31.380915,16.807541,0.000000,0.241914,8.658102,0.023805
31.425607,16.886751,0.000000,0.240297,8.499475,0.023788
31.543215,16.845335,0.000000,0.244936,8.643823,0.024378
31.464919,16.838058,0.000000,0.245183,8.730115,0.023798
31.398621,16.766947,0.000000,0.243750,8.678341,0.024179
31.796793,16.823625,0.000000,0.245020,8.663632,0.024664
31.319110,16.956828,0.000000,0.248265,8.542763,0.023988
31.545708,16.799226,0.000000,0.237864,8.811287,0.024006
31.146481,16.826233,0.000000,0.244890,8.383324,0.025069
31.392410,16.782694,0.000000,0.241336,8.586053,0.023991
31.347920,16.785013,0.000000,0.241543,8.610553,0.023766
31.297374,16.800312,0.000000,0.239601,8.622605,0.023590
31.361693,16.885406,0.000000,0.241631,8.576827,0.023715
31.463685,16.814217,0.000000,0.239432,8.666503,0.024193
31.718969,16.985419,0.000000,0.246137,8.925310,0.024587
31.443948,16.846258,0.000000,0.349657,8.688058,0.024379
31.417310,16.828549,0.000000,0.243642,8.654171,0.024343
31.395999,16.853958,0.000000,0.241914,8.604508,0.023889
30.905848,16.843375,0.000000,0.238352,8.115658,0.024066
31.806957,16.840056,0.000000,0.240561,8.657057,0.024321
31.429636,16.896679,0.000000,0.242583,8.599401,0.023799
31.325670,16.994277,0.000000,0.242462,8.532038,0.023759
31.159478,16.872242,0.000000,0.241132,8.494506,0.024081
31.293175,16.889340,0.000000,0.241009,8.618036,0.024179
31.363603,16.847100,0.000000,0.244466,8.641042,0.024079
31.475906,16.974268,0.000000,0.244446,8.554555,0.024271
31.289358,16.867832,0.000000,0.238939,8.659484,0.023894
31.215296,16.811025,0.000000,0.244374,8.497882,0.024161
31.413131,16.834597,0.000000,0.237758,8.619602,0.032615
31.173315,16.813921,0.000000,0.246970,8.487232,0.023887
31.354205,16.774533,0.000000,0.244309,8.655232,0.023946
31.979649,16.915892,0.000000,0.240688,8.598931,0.026866
31.332888,16.895785,0.000000,0.243468,8.625749,0.024065
31.438884,16.882987,0.000000,0.240464,8.676502,0.024339
31.476905,16.814631,0.000000,0.245876,8.531840,0.024180
31.288982,16.871888,0.000000,0.241329,8.596489,0.024214
31.400309,16.896620,0.000000,0.244324,8.586245,0.024096
31.308816,16.779854,0.000000,0.240242,8.656189,0.024053
31.393298,16.891204,0.000000,0.245509,8.606252,0.024443
31.473983,16.889995,0.000000,0.240092,8.461542,0.024397
31.259883,16.870431,0.000000,0.238317,8.521175,0.023709
31.855286,16.876026,0.000000,0.241640,8.748911,0.024241
31.671641,16.910855,0.000000,0.245978,8.621674,0.024307
31.839291,16.849536,0.000000,0.238858,8.658747,0.023675
31.433618,16.877258,0.000000,0.245778,8.639305,0.024266
31.441996,16.848776,0.000000,0.241284,8.657174,0.023590
31.520833,16.888965,0.000000,0.244921,8.654030,0.024338
31.385000,16.797722,0.000000,0.242018,8.598708,0.023669
31.498949,16.885975,0.000000,0.245003,8.755178,0.024407
31.814963,16.990223,0.000000,0.247227,8.657985,0.024158
