23.130049,11.400129,0.000000,0.112757,6.913297,0.053005
23.015041,11.374428,0.000000,0.115108,6.830630,0.056583
23.107773,11.374823,0.000000,0.111866,6.931757,0.054216
23.768752,11.401130,0.000000,0.109250,6.915002,0.054291
23.051600,11.308609,0.000000,0.113591,6.771974,0.057558
23.985860,11.381188,0.000000,0.108109,6.666755,0.057634
23.268950,11.403828,0.000000,0.109899,6.901471,0.057756
23.167780,11.449107,0.000000,0.111136,6.804342,0.058092
23.299128,11.410524,0.000000,0.112807,7.061407,0.052989
23.321434,11.360057,0.000000,0.107962,7.162710,0.054187
23.012415,11.338317,0.000000,0.110676,6.814923,0.056473
22.911191,11.359756,0.000000,0.113902,7.009921,0.052904
22.896063,11.426058,0.000000,0.111584,6.732819,0.054390
23.709356,11.402708,0.000000,0.112833,6.802295,0.061060
22.987121,11.611724,0.000000,0.112817,6.729405,0.052636
23.914493,11.527345,0.000000,0.113341,6.790027,0.057345
23.381468,11.359019,0.000000,0.106945,7.079643,0.053471
23.587977,11.372948,0.000000,0.112761,7.050600,0.054799
23.148630,11.395168,0.000000,0.108105,6.838788,0.054046
23.263313,11.380950,0.000000,0.109074,6.974132,0.055493
23.425308,11.494503,0.000000,0.114343,6.778552,0.054168
23.197606,11.429559,0.000000,0.107826,6.912583,0.054710
22.984502,11.476310,0.000000,0.113387,6.820820,0.053962
22.975234,11.473136,0.000000,0.110991,6.863868,0.054391
23.107184,11.370758,0.000000,0.109261,6.591663,0.057711
22.900004,11.328122,0.000000,0.113821,6.838443,0.053524
23.285529,11.424763,0.000000,0.111581,6.923678,0.053058
23.363192,11.400477,0.000000,0.108996,7.122373,0.052705
23.240619,11.384423,0.000000,0.111255,6.953010,0.056892
23.833083,11.414976,0.000000,0.114610,6.649467,0.055213
23.164126,11.484374,0.000000,0.108085,7.007988,0.054622
23.217679,11.374947,0.000000,0.116717,7.108760,0.055422
23.141899,11.432453,0.000000,0.113298,6.974242,0.054003
23.010284,11.430504,0.000000,0.115546,6.835456,0.055592
23.320982,11.405270,0.000000,0.112739,6.935098,0.054652
23.173769,11.384504,0.000000,0.112218,6.914912,0.052607
23.073330,11.398795,0.000000,0.110278,6.917789,0.053795
23.314613,11.434567,0.000000,0.116528,6.726211,0.058518
23.428288,11.416000,0.000000,0.115196,6.820099,0.054312
23.472568,11.472705,0.000000,0.110048,7.050548,0.053467
22.900642,11.369943,0.000000,0.114191,6.985512,0.054708
22.898358,11.419546,0.000000,0.114559,6.807378,0.052958
23.005686,11.367529,0.000000,0.111415,6.828392,0.056511
22.905126,11.353576,0.000000,0.110751,6.680054,0.053013
23.156150,11.364327,0.000000,0.114470,6.954515,0.057328
23.148626,11.348856,0.000000,0.109360,6.972431,0.053192
22.973742,11.394426,0.000000,0.105867,6.921530,0.054306
23.009879,11.369225,0.000000,0.114060,6.967473,0.054325
22.998346,11.343020,0.000000,0.112557,6.831576,0.053373
22.924499,11.389985,0.000000,0.113039,6.902834,0.059943
27.589440,13.517036,0.000000,0.188164,4.681864,0.033050
27.446770,13.599856,0.000000,0.131259,4.687738,0.034242
27.776490,13.586046,0.000000,0.187362,4.652994,0.032476
27.156016,13.590772,0.000000,0.184918,4.607945,0.032695
27.066893,13.544739,0.000000,0.180153,4.565643,0.032138
26.928253,13.544620,0.000000,0.129550,4.644263,0.032290
26.963457,13.570421,0.000000,0.187645,4.631980,0.031346
27.618708,13.579363,0.000000,0.128183,4.710135,0.032474
27.033375,13.573290,0.000000,0.186878,4.677780,0.032504
27.607675,13.587412,0.000000,0.187518,4.660400,0.032326
26.868628,13.562684,0.000000,0.188624,4.662008,0.032941
26.904133,13.574813,0.000000,0.130609,4.642101,0.032281
27.167273,13.587615,0.000000,0.186151,4.651561,0.031865
27.339548,13.544210,0.000000,0.187094,4.676351,0.032154
26.621019,13.601137,0.000000,0.184702,4.625018,0.031539
27.083813,13.528893,0.000000,0.184147,4.600145,0.031143
26.749800,13.616149,0.000000,0.186237,4.579878,0.033710
27.032274,13.549698,0.000000,0.188307,4.643880,0.032421
27.467484,13.548002,0.000000,0.187464,4.661463,0.032523
27.245290,13.670022,0.000000,0.128205,4.606787,0.031642
27.739237,13.526990,0.000000,0.129190,4.673859,0.033486
26.831468,13.602318,0.000000,0.183090,4.625559,0.032561
27.224104,13.550013,0.000000,0.183407,4.622073,0.032298
27.457622,13.628632,0.000000,0.179709,4.628115,0.032357
27.385656,13.550069,0.000000,0.130018,4.670524,0.031524
27.193063,13.560855,0.000000,0.129433,4.611727,0.031757
27.465071,13.610215,0.000000,0.192514,4.670572,0.033990
27.590825,13.606729,0.000000,0.187056,4.650153,0.032026
27.080610,13.554311,0.000000,0.185998,4.691118,0.036144
27.164545,13.574044,0.000000,0.128594,4.659924,0.033955
26.952005,13.556950,0.000000,0.185756,4.704128,0.036620
27.185840,13.559929,0.000000,0.186594,4.630413,0.032450
27.361951,13.485751,0.000000,0.129409,4.662677,0.033057
27.463717,13.583963,0.000000,0.186154,4.633699,0.032677
27.148487,13.647816,0.000000,0.184189,4.634905,0.033414
27.290833,13.579434,0.000000,0.186536,4.690240,0.032879
26.875998,13.573148,0.000000,0.184780,4.632057,0.032666
27.334966,13.521230,0.000000,0.129023,4.669198,0.032535
27.513197,13.516481,0.000000,0.185395,4.699294,0.033114
27.753643,13.584506,0.000000,0.191080,4.710217,0.035928
27.756265,13.583664,0.000000,0.182280,4.558919,0.033313
27.202473,13.552180,0.000000,0.189478,4.652254,0.031854
27.194150,13.510892,0.000000,0.184930,4.577649,0.031439
27.376332,13.477463,0.000000,0.184596,4.633477,0.032443
27.375901,13.526232,0.000000,0.191416,4.638388,0.031894
26.984613,13.541468,0.000000,0.129442,4.662572,0.031865
27.128130,13.504803,0.000000,0.185412,4.686941,0.034375
27.512813,13.556097,0.000000,0.186743,4.695091,0.031701
26.987534,13.527609,0.000000,0.186635,4.670183,0.034808
27.517308,13.562109,0.000000,0.184528,4.698705,0.032394
