23.184929,11.386249,0.000000,0.115499,7.370213,0.014225
23.469499,11.466398,0.000000,0.117876,7.263419,0.011827
23.153828,11.412231,0.000000,0.118702,7.493667,0.011736
22.896816,11.454371,0.000000,0.114731,7.214421,0.011516
23.078803,11.496235,0.000000,0.124546,7.235949,0.011382
23.066453,11.340830,0.000000,0.116143,7.392832,0.012505
23.175428,11.414899,0.000000,0.116627,7.263699,0.011496
23.416208,11.384955,0.000000,0.118493,7.549613,0.011675
23.615835,11.230646,0.000000,0.105333,7.505356,0.011569
23.235102,11.340510,0.000000,0.120622,7.327100,0.012382
23.028370,11.346917,0.000000,0.121787,7.446244,0.011616
23.280058,11.289040,0.000000,0.115687,7.127221,0.011997
22.931876,11.380485,0.000000,0.120405,7.219816,0.013932
23.035957,11.373694,0.000000,0.117781,7.322535,0.011671
22.986964,11.609706,0.000000,0.118008,7.503647,0.011583
23.179908,11.375080,0.000000,0.113448,7.311568,0.013993
23.508728,11.408496,0.000000,0.117811,7.281705,0.011305
23.110453,11.337333,0.000000,0.115259,7.303138,0.011745
23.317609,11.319978,0.000000,0.117917,7.231585,0.011535
23.071375,11.374283,0.000000,0.118107,7.249690,0.011703
23.396444,11.405060,0.000000,0.117787,7.219365,0.011532
23.367227,11.461173,0.000000,0.118681,7.197044,0.012176
22.925751,11.318662,0.000000,0.119169,7.390088,0.011495
23.174042,11.355976,0.000000,0.118312,7.356605,0.011970
22.880329,11.402362,0.000000,0.119129,7.176529,0.015211
23.893888,11.323308,0.000000,0.114147,7.194581,0.012024
23.017946,11.309972,0.000000,0.119592,7.442544,0.011633
23.245434,11.300745,0.000000,0.119828,7.383187,0.011859
23.179551,11.373325,0.000000,0.117273,7.343013,0.011649
22.932166,11.360755,0.000000,0.118748,7.351104,0.011570
23.118760,11.355591,0.000000,0.119108,7.368533,0.013142
23.341683,11.433614,0.000000,0.119186,7.307320,0.011403
23.130502,11.393075,0.000000,0.117757,7.237035,0.011754
23.028708,11.432304,0.000000,0.112137,7.360583,0.011545
24.000408,11.327696,0.000000,0.115366,7.402566,0.011524
23.131527,11.346105,0.000000,0.119377,7.338010,0.011777
23.800764,11.348364,0.000000,0.117958,7.290368,0.011909
23.387089,11.399703,0.000000,0.120045,7.353524,0.012146
23.080309,11.394765,0.000000,0.113557,7.347160,0.010976
23.581537,11.446203,0.000000,0.122175,7.361152,0.011438
22.882422,11.344253,0.000000,0.118375,7.219789,0.011393
23.034216,11.303132,0.000000,0.117727,7.191913,0.011747
23.028766,11.373805,0.000000,0.114772,7.467680,0.013664
22.897469,11.429979,0.000000,0.117144,7.222734,0.011703
23.276337,11.328618,0.000000,0.118718,7.281407,0.011811
23.129429,11.330678,0.000000,0.120886,7.453420,0.011939
22.987984,11.273751,0.000000,0.117532,7.278490,0.012789
22.981750,11.365696,0.000000,0.116744,7.311276,0.011621
23.050699,11.361119,0.000000,0.118248,7.385201,0.013614
23.938664,11.571373,0.000000,0.115401,7.352748,0.013605
26.840972,13.739680,0.000000,0.136808,8.104882,0.010079
26.227689,13.686771,0.000000,0.140964,8.127614,0.011216
26.459750,13.718618,0.000000,0.140745,8.344610,0.011271
25.950275,13.740360,0.000000,0.144034,7.984955,0.010402
25.719915,13.718883,0.000000,0.141052,7.712675,0.011472
25.840310,13.757373,0.000000,0.145174,7.724560,0.011399
25.675515,13.682983,0.000000,0.138608,7.695358,0.010382
26.301725,13.693400,0.000000,0.139640,8.302404,0.011451
25.914570,13.760409,0.000000,0.192441,7.871796,0.010446
26.579388,13.751872,0.000000,0.142897,8.315145,0.010540
26.543839,13.737443,0.000000,0.136285,7.705253,0.010919
25.599862,13.793747,0.000000,0.141754,7.647858,0.010255
25.926697,13.817837,0.000000,0.138625,7.973023,0.010440
26.534501,13.821398,0.000000,0.142086,8.011332,0.010587
25.596289,13.738450,0.000000,0.139922,7.454012,0.010228
25.854323,13.685870,0.000000,0.141369,7.507441,0.011207
25.549943,13.719262,0.000000,0.142966,7.524544,0.011952
26.323135,13.741406,0.000000,0.140950,7.717668,0.011543
26.039478,13.781851,0.000000,0.143382,8.092574,0.011415
25.964359,13.717780,0.000000,0.140596,7.840558,0.010221
26.498283,13.679392,0.000000,0.140453,8.528708,0.013557
25.722517,13.840190,0.000000,0.141048,7.613971,0.011181
25.905543,13.763101,0.000000,0.143360,7.701164,0.011153
26.766817,13.759251,0.000000,0.140256,8.283359,0.011512
26.086972,13.758392,0.000000,0.140921,8.084379,0.010620
25.905442,13.716043,0.000000,0.143136,7.943655,0.010571
26.060298,13.725329,0.000000,0.142706,7.931845,0.011297
26.563658,13.743140,0.000000,0.140747,8.370750,0.010315
26.199177,13.723789,0.000000,0.142734,7.966899,0.011337
26.034861,13.719680,0.000000,0.143079,7.946691,0.014635
25.950925,13.778265,0.000000,0.141008,7.704541,0.011326
25.889696,13.657942,0.000000,0.140804,7.996821,0.011545
26.081679,13.755760,0.000000,0.138667,8.169784,0.010970
26.225504,13.670117,0.000000,0.139278,8.274883,0.011465
25.915963,13.683352,0.000000,0.141278,7.899593,0.011086
25.997625,13.764511,0.000000,0.140064,7.975512,0.011732
25.958328,13.758877,0.000000,0.141918,7.670104,0.011427
26.317904,13.751926,0.000000,0.136534,8.148868,0.011249
26.146086,13.718854,0.000000,0.144556,8.160062,0.011863
26.602526,13.988635,0.000000,0.148347,8.181736,0.013421
26.926140,13.693054,0.000000,0.135118,8.439952,0.011200
25.969676,13.699482,0.000000,0.140928,7.951648,0.010381
26.008289,13.691671,0.000000,0.143754,8.031517,0.010452
26.050601,13.679613,0.000000,0.141128,8.068654,0.011688
26.126339,13.698127,0.000000,0.142627,8.178527,0.011172
25.779639,13.738911,0.000000,0.141338,7.807523,0.010293
26.070569,13.720377,0.000000,0.139919,7.878689,0.011130
26.231950,13.732870,0.000000,0.139882,8.245193,0.010629
25.854057,13.693896,0.000000,0.142224,7.813720,0.010294
26.367079,13.734838,0.000000,0.140464,8.377272,0.011389
