23.176961,11.542504,0.000000,0.115158,7.083133,0.019117
23.053222,11.569553,0.000000,0.115632,7.245649,0.023122
23.115681,11.642343,0.000000,0.117473,6.991350,0.020355
22.940319,11.666136,0.000000,0.108603,7.142855,0.020413
23.218289,11.582581,0.000000,0.115645,7.088464,0.024010
23.422805,11.686104,0.000000,0.113764,6.927120,0.023822
23.303464,11.858384,0.000000,0.117402,7.386956,0.023186
23.224176,11.675207,0.000000,0.111478,7.235217,0.023958
23.328411,11.646348,0.000000,0.116617,7.355023,0.019000
23.368339,11.594140,0.000000,0.107291,7.581981,0.020835
23.047541,11.561207,0.000000,0.115001,7.035663,0.022463
22.959280,11.625761,0.000000,0.116414,7.335036,0.018771
22.938610,11.550631,0.000000,0.114632,7.021236,0.020744
23.106553,11.630387,0.000000,0.118693,7.201641,0.027572
23.050603,11.557252,0.000000,0.115384,6.947429,0.018843
23.227316,11.681571,0.000000,0.114699,7.066656,0.022539
23.587475,11.666972,0.000000,0.114788,7.413383,0.020583
23.393589,11.648671,0.000000,0.114611,7.206251,0.020674
23.253800,11.817607,0.000000,0.116493,7.271719,0.019958
23.908231,11.624094,0.000000,0.114044,7.312243,0.021226
24.326205,11.566757,0.000000,0.114984,7.087495,0.020495
23.239530,11.601342,0.000000,0.113367,7.428157,0.020838
23.731573,11.634452,0.000000,0.114652,7.149438,0.020712
23.936062,11.610654,0.000000,0.113742,7.033567,0.020595
22.895259,11.634478,0.000000,0.117565,6.992322,0.024118
22.939978,11.557825,0.000000,0.115579,7.117948,0.020161
23.077968,11.648644,0.000000,0.113089,7.103592,0.019083
23.605191,11.572495,0.000000,0.112119,7.115837,0.019089
23.474316,11.607416,0.000000,0.119660,7.267484,0.021881
23.212857,11.600319,0.000000,0.112980,6.904614,0.021134
23.277316,11.704944,0.000000,0.115000,7.046483,0.020172
23.261723,11.696312,0.000000,0.118270,7.452935,0.021600
23.169542,11.572168,0.000000,0.114609,7.399375,0.020119
23.036033,11.574121,0.000000,0.117098,6.882926,0.020629
23.201450,11.594921,0.000000,0.116661,7.205099,0.020318
23.659877,11.592872,0.000000,0.111431,7.227628,0.018243
23.801344,11.588655,0.000000,0.112737,6.815264,0.020271
23.355389,11.643473,0.000000,0.117909,7.198070,0.024490
23.181326,11.637105,0.000000,0.115378,7.162222,0.021116
23.571036,11.572092,0.000000,0.116841,7.334668,0.018967
22.936539,11.552245,0.000000,0.119165,7.038913,0.021068
23.022466,11.595264,0.000000,0.110037,7.145925,0.018727
23.070236,11.593803,0.000000,0.112598,6.908117,0.022712
23.419798,11.497508,0.000000,0.113140,6.889654,0.020143
23.199534,11.502949,0.000000,0.113011,7.133558,0.024161
23.195786,11.661591,0.000000,0.114984,7.165365,0.019302
23.282537,11.538301,0.000000,0.112332,7.125123,0.021055
23.068975,11.638232,0.000000,0.116466,7.111725,0.020979
23.056553,11.520447,0.000000,0.116136,7.189609,0.020473
22.963435,11.539625,0.000000,0.114199,6.738077,0.026564
27.277298,12.810608,0.000000,0.189516,4.723456,0.014040
27.290856,12.743283,0.000000,0.183966,4.708347,0.015133
27.713186,12.749355,0.000000,0.189309,4.674559,0.013834
26.992074,12.700474,0.000000,0.183205,4.634623,0.014025
26.758237,12.724859,0.000000,0.182648,4.603695,0.013626
26.786770,12.753204,0.000000,0.181694,4.701468,0.013760
26.872092,12.797281,0.000000,0.188437,4.674881,0.013143
27.371465,12.713905,0.000000,0.181976,4.764668,0.013874
26.862859,12.729720,0.000000,0.187355,4.732267,0.013613
27.428689,12.772597,0.000000,0.185437,4.681059,0.013846
26.839241,12.714456,0.000000,0.188697,4.699730,0.014322
26.781678,12.796589,0.000000,0.185799,4.668294,0.013427
27.007774,12.773555,0.000000,0.184050,4.716265,0.013184
27.173663,12.737589,0.000000,0.187162,4.714884,0.013054
26.503327,12.751108,0.000000,0.183037,4.673485,0.013346
26.970832,12.924172,0.000000,0.181476,4.630755,0.013669
26.668648,12.720901,0.000000,0.187922,4.623149,0.015359
26.838023,12.748121,0.000000,0.188521,4.666059,0.013888
27.151928,12.734645,0.000000,0.187121,4.704320,0.014228
27.054386,12.762763,0.000000,0.179275,4.641691,0.013046
27.576543,12.724884,0.000000,0.184054,4.724023,0.014996
26.834184,12.797765,0.000000,0.182491,4.686954,0.014046
27.063642,12.741184,0.000000,0.181486,4.661133,0.013647
27.286787,12.727613,0.000000,0.179769,4.652884,0.013995
27.162070,12.796349,0.000000,0.180736,4.714433,0.013032
27.046890,12.806474,0.000000,0.186090,4.637498,0.013214
27.136516,12.703512,0.000000,0.189057,4.715338,0.015273
27.349406,12.792134,0.000000,0.189981,4.696301,0.013296
26.979065,12.703450,0.000000,0.184885,4.727770,0.017139
27.002198,12.712147,0.000000,0.180920,4.708866,0.015797
26.851146,12.766258,0.000000,0.185317,4.768530,0.017752
26.966664,12.704197,0.000000,0.186884,4.651591,0.014217
27.114618,12.722906,0.000000,0.182040,4.700346,0.014025
27.221418,12.703014,0.000000,0.185447,4.664293,0.013970
26.982070,12.775479,0.000000,0.183889,4.664456,0.015158
27.189834,12.757789,0.000000,0.184184,4.715340,0.013925
26.729639,12.813954,0.000000,0.187771,4.656652,0.014009
27.286838,12.737457,0.000000,0.182011,4.696729,0.013717
27.314593,12.780051,0.000000,0.185174,4.740966,0.014295
27.483146,12.698841,0.000000,0.186923,4.741558,0.017002
27.557605,12.739932,0.000000,0.182259,4.590925,0.014641
27.114648,12.750455,0.000000,0.191011,4.687214,0.013126
27.168655,12.737444,0.000000,0.185344,4.620234,0.013084
27.121798,12.743090,0.000000,0.184894,4.678784,0.013999
27.337512,12.734682,0.000000,0.191439,4.669426,0.013854
26.940056,12.774683,0.000000,0.181805,4.712687,0.012966
27.095614,12.719420,0.000000,0.131251,4.727546,0.015442
27.233669,12.734376,0.000000,0.187133,4.727644,0.013252
26.836652,12.694610,0.000000,0.186777,4.714053,0.016066
27.345936,12.726169,0.000000,0.128119,4.750718,0.013837
