23.165093,11.611557,0.000000,0.112621,6.150447,0.018493
23.059803,11.682742,0.000000,0.117963,6.188682,0.021849
23.107135,11.701719,0.000000,0.112409,6.179774,0.018391
22.933590,11.652775,0.000000,0.115736,5.944720,0.018140
23.273684,11.712763,0.000000,0.111517,6.153641,0.021838
23.401489,11.634643,0.000000,0.117383,6.046105,0.022231
23.149595,11.640811,0.000000,0.113650,5.969215,0.021103
23.930426,11.647203,0.000000,0.114567,5.914280,0.023245
23.905393,11.634722,0.000000,0.117138,5.928953,0.018584
23.358330,11.652052,0.000000,0.115425,5.790271,0.017381
23.057946,11.640044,0.000000,0.114011,5.864858,0.019779
22.955927,11.663981,0.000000,0.117632,6.255146,0.017883
23.415642,11.646924,0.000000,0.117910,5.987472,0.018615
23.974457,11.674763,0.000000,0.106106,6.217403,0.022572
23.019585,11.765176,0.000000,0.114419,6.107269,0.017987
23.072402,11.691821,0.000000,0.113806,6.091638,0.020866
23.428434,11.682647,0.000000,0.118833,5.956156,0.018264
23.119021,11.644504,0.000000,0.114353,5.973253,0.018525
23.079166,11.653868,0.000000,0.115199,6.029215,0.019014
23.126964,11.724033,0.000000,0.114140,5.983874,0.018742
23.428370,11.626883,0.000000,0.116327,5.900602,0.018505
23.299872,11.678790,0.000000,0.117034,6.020161,0.018713
23.015298,11.676028,0.000000,0.114630,6.152364,0.018236
23.359553,11.711894,0.000000,0.113954,6.050899,0.018597
23.015172,11.647612,0.000000,0.113679,6.192326,0.021675
23.232471,11.584803,0.000000,0.107471,5.907090,0.019133
23.298913,11.652195,0.000000,0.109121,6.379421,0.018040
23.198309,11.711973,0.000000,0.115761,5.993010,0.018325
23.426610,11.632964,0.000000,0.115783,6.171889,0.019236
23.161921,11.749721,0.000000,0.117685,6.326248,0.018808
23.397191,11.768884,0.000000,0.108213,6.074731,0.019669
23.258735,11.692991,0.000000,0.112364,5.976346,0.019465
23.192271,11.630496,0.000000,0.113414,6.029399,0.018216
23.043046,11.653051,0.000000,0.113611,6.059125,0.017857
23.784119,11.719605,0.000000,0.110950,5.964366,0.019582
23.256274,11.719846,0.000000,0.116236,6.451898,0.018412
23.164602,11.664557,0.000000,0.111227,6.111391,0.019100
23.679762,11.680737,0.000000,0.113346,5.987186,0.020943
23.145301,11.675678,0.000000,0.118585,6.003642,0.018463
23.348963,11.679895,0.000000,0.117207,6.053002,0.017972
22.985175,11.700446,0.000000,0.113881,6.111116,0.018776
23.041972,11.607714,0.000000,0.111133,5.975010,0.017058
23.889411,11.641323,0.000000,0.114468,6.166618,0.020221
22.948348,11.766791,0.000000,0.112077,6.103871,0.018221
23.176267,11.638522,0.000000,0.112412,6.070236,0.019868
23.202108,11.600123,0.000000,0.116537,6.247563,0.018553
23.942240,11.594201,0.000000,0.117298,6.050764,0.018406
23.039763,11.711903,0.000000,0.115000,6.067350,0.018574
23.024371,11.577595,0.000000,0.118585,6.060808,0.018295
23.180529,11.774288,0.000000,0.117516,6.147352,0.024288
27.317582,13.057605,0.000000,0.130532,4.207011,0.016445
27.339220,13.077354,0.000000,0.131019,4.213766,0.017919
27.637826,13.027675,0.000000,0.129128,4.166920,0.016468
27.050822,13.062770,0.000000,0.129743,4.163400,0.016638
26.888401,13.045522,0.000000,0.129265,4.111202,0.016369
26.813759,13.063173,0.000000,0.129770,4.185723,0.015880
26.865013,13.084975,0.000000,0.130701,4.175849,0.015455
27.430336,13.267108,0.000000,0.129148,4.226568,0.016487
26.908526,13.075430,0.000000,0.129551,4.197480,0.016017
27.477965,13.014666,0.000000,0.127668,4.205221,0.016207
26.800785,13.120662,0.000000,0.131717,4.188508,0.016928
26.920434,13.065714,0.000000,0.129489,4.191752,0.015830
27.051697,13.061798,0.000000,0.129752,4.192588,0.015588
27.224733,13.080511,0.000000,0.188137,4.217591,0.015838
26.507262,13.022164,0.000000,0.129617,4.157160,0.015775
27.064984,13.061380,0.000000,0.128358,4.134879,0.016537
26.639445,13.042436,0.000000,0.130796,4.151108,0.017750
26.891046,13.089420,0.000000,0.130656,4.148557,0.016597
27.196776,13.021969,0.000000,0.129250,4.191294,0.016947
27.110855,13.057207,0.000000,0.128469,4.170003,0.015692
27.634195,13.100561,0.000000,0.129441,4.209471,0.017120
26.710627,13.073308,0.000000,0.129160,4.179431,0.016955
27.008490,13.024803,0.000000,0.139580,4.164651,0.016494
27.616077,13.104329,0.000000,0.128649,4.158281,0.016581
27.121786,13.039656,0.000000,0.129699,4.185295,0.015523
27.085456,13.024647,0.000000,0.128867,4.137696,0.015662
27.256058,13.093635,0.000000,0.192424,4.216710,0.017967
27.479554,13.262689,0.000000,0.132026,4.216946,0.015675
26.974793,13.081662,0.000000,0.130057,4.237932,0.019902
27.103114,13.131298,0.000000,0.129196,4.213961,0.018519
26.831741,13.063319,0.000000,0.130538,4.228358,0.020648
27.007143,12.992252,0.000000,0.129469,4.167604,0.016753
27.155141,12.998253,0.000000,0.128036,4.194477,0.017053
27.278459,13.047041,0.000000,0.129580,4.154518,0.016553
27.036239,13.090126,0.000000,0.130304,4.152166,0.017799
27.159099,13.074366,0.000000,0.129477,4.223492,0.016749
26.758980,13.093778,0.000000,0.129337,4.180577,0.016592
27.356582,13.020044,0.000000,0.129379,4.191231,0.016527
27.281064,13.112211,0.000000,0.129428,4.225207,0.016780
27.446538,13.016753,0.000000,0.129006,4.246299,0.019883
27.479675,13.034275,0.000000,0.128313,4.127634,0.017344
27.103298,13.073003,0.000000,0.130638,4.223046,0.015757
27.077128,13.009718,0.000000,0.128383,4.125898,0.015635
27.179886,13.059545,0.000000,0.129242,4.164962,0.016695
27.250374,13.057767,0.000000,0.132021,4.204877,0.016538
26.874773,13.063717,0.000000,0.130316,4.194163,0.015701
27.064328,13.055471,0.000000,0.131583,4.229983,0.018214
27.287303,13.031651,0.000000,0.129897,4.223883,0.015750
26.878186,13.033205,0.000000,0.131590,4.201224,0.017439
27.480700,13.052740,0.000000,0.129412,4.234469,0.016698
