23.129384,11.611851,0.000000,0.130077,6.610873,0.017802
23.004370,11.245208,0.000000,0.118040,6.687498,0.021427
23.124514,11.273646,0.000000,0.119205,6.545885,0.019194
22.857203,11.250124,0.000000,0.118867,6.674885,0.017194
23.118315,11.284282,0.000000,0.119192,6.491526,0.020419
23.093093,11.235306,0.000000,0.118695,6.560925,0.020381
23.126543,11.398904,0.000000,0.119346,6.584474,0.019839
23.223472,11.312751,0.000000,0.117363,6.473257,0.021055
23.255085,11.290621,0.000000,0.117030,6.908861,0.017393
23.736146,11.188789,0.000000,0.115142,6.549494,0.017028
23.150953,11.211692,0.000000,0.115793,6.596888,0.019028
23.049103,11.229286,0.000000,0.116748,6.544531,0.017572
22.849808,11.247564,0.000000,0.118572,6.583481,0.017597
23.224541,11.215652,0.000000,0.118269,6.679464,0.021735
22.937593,11.266490,0.000000,0.119482,6.698071,0.017471
23.274064,11.319247,0.000000,0.116333,6.768391,0.019601
23.364141,11.535183,0.000000,0.118393,6.858401,0.016756
23.130449,11.235846,0.000000,0.120073,6.490569,0.017338
23.100649,11.267165,0.000000,0.117198,6.688043,0.018393
23.026286,11.243505,0.000000,0.116198,6.934002,0.017878
23.369108,11.263958,0.000000,0.118088,6.424433,0.017380
23.294757,11.302373,0.000000,0.118068,6.462244,0.017816
23.163004,11.231864,0.000000,0.119029,6.688964,0.017103
22.930030,11.278344,0.000000,0.119263,6.756660,0.017063
22.816208,11.231202,0.000000,0.118210,6.899559,0.020644
23.744403,11.189080,0.000000,0.116838,6.971877,0.018128
23.040242,11.316172,0.000000,0.116597,6.773417,0.017490
23.112847,11.311112,0.000000,0.118855,6.536059,0.017568
24.094953,11.295391,0.000000,0.117720,6.656368,0.018744
23.705405,11.296655,0.000000,0.118206,6.406603,0.017511
23.122473,11.304574,0.000000,0.115959,6.753157,0.018928
23.760277,11.348301,0.000000,0.113928,6.756541,0.017936
23.101490,11.298323,0.000000,0.118481,6.565068,0.016952
23.340482,11.299068,0.000000,0.116513,6.566366,0.016900
23.122291,11.326173,0.000000,0.117698,6.508209,0.019041
23.429905,11.262394,0.000000,0.116673,6.747734,0.017398
22.837926,11.298038,0.000000,0.117586,6.881056,0.018877
23.471105,11.294905,0.000000,0.119461,6.734120,0.020426
23.071636,11.317622,0.000000,0.119456,6.432924,0.017339
23.541406,11.261996,0.000000,0.119251,6.860288,0.017580
23.080695,11.329955,0.000000,0.118919,6.716787,0.018839
23.088575,11.323207,0.000000,0.116608,6.536226,0.017215
22.968999,11.246992,0.000000,0.115623,6.879473,0.019772
22.875566,11.156691,0.000000,0.116992,6.941754,0.016790
23.907616,11.177464,0.000000,0.115274,6.688386,0.019500
23.139234,11.299629,0.000000,0.118149,6.918843,0.017639
23.353557,11.279541,0.000000,0.117251,6.973890,0.016699
22.977806,11.303007,0.000000,0.115889,6.871424,0.016815
23.082008,11.347856,0.000000,0.116642,6.919122,0.017149
22.883992,11.181084,0.000000,0.118122,6.622726,0.023597
27.407842,12.828741,0.000000,0.188552,4.581459,0.013954
27.426123,12.838271,0.000000,0.183135,4.570455,0.014883
27.582279,12.786683,0.000000,0.189585,4.566677,0.013704
26.996715,12.863818,0.000000,0.185044,4.546356,0.013761
26.756928,12.767847,0.000000,0.182209,4.472141,0.013611
26.778111,12.798887,0.000000,0.183401,4.559416,0.013751
26.805726,12.804180,0.000000,0.188273,4.544414,0.013078
27.560251,12.782737,0.000000,0.183172,4.598909,0.013917
26.938287,12.820927,0.000000,0.187307,4.575138,0.013554
27.429441,12.888340,0.000000,0.187530,4.554200,0.013577
26.712258,12.861718,0.000000,0.188643,4.574370,0.013951
26.742996,12.835438,0.000000,0.189713,4.569752,0.013550
27.003436,12.933145,0.000000,0.186852,4.588335,0.012919
27.329864,12.844691,0.000000,0.188584,4.607201,0.012931
26.596328,12.828745,0.000000,0.185530,4.533385,0.013386
26.925377,12.844504,0.000000,0.183859,4.519040,0.013619
26.589944,12.845151,0.000000,0.188409,4.517529,0.015006
26.938466,12.888597,0.000000,0.189225,4.535473,0.013829
27.152057,12.811913,0.000000,0.187450,4.562669,0.014235
27.060108,12.854111,0.000000,0.182902,4.545745,0.013140
27.578318,12.837318,0.000000,0.185174,4.591530,0.014963
26.660695,12.868516,0.000000,0.181113,4.531682,0.013970
26.942005,12.829937,0.000000,0.183944,4.558005,0.013787
27.308310,12.840342,0.000000,0.129730,4.540660,0.013822
27.080740,13.024805,0.000000,0.185739,4.589436,0.012837
27.126150,13.324762,0.000000,0.183321,4.512522,0.013260
27.245423,12.827287,0.000000,0.192893,4.573637,0.014979
27.318620,12.844992,0.000000,0.190066,4.589601,0.013137
27.034758,12.838505,0.000000,0.186085,4.618725,0.017134
27.014306,12.917185,0.000000,0.185539,4.585404,0.015469
26.779200,12.836084,0.000000,0.189303,4.612912,0.017544
26.958983,12.796307,0.000000,0.187623,4.547679,0.014005
27.230060,12.810179,0.000000,0.180802,4.560897,0.014204
27.253796,12.813033,0.000000,0.185497,4.523735,0.013787
27.007148,12.833165,0.000000,0.186268,4.510662,0.015189
27.270136,12.848282,0.000000,0.186965,4.606613,0.013739
26.812625,12.830718,0.000000,0.183590,4.539586,0.013837
27.181475,12.895710,0.000000,0.183749,4.586430,0.013583
27.234023,12.833486,0.000000,0.129450,4.619368,0.014130
27.402434,12.790783,0.000000,0.188669,4.633064,0.016940
27.431265,12.886362,0.000000,0.183784,4.462382,0.014742
27.171647,12.836733,0.000000,0.190530,4.581168,0.012932
27.036936,12.822209,0.000000,0.185584,4.485687,0.013011
27.120021,12.791904,0.000000,0.129877,4.538067,0.013827
27.208137,12.840473,0.000000,0.191166,4.541458,0.013592
26.839463,12.853189,0.000000,0.182019,4.560383,0.013006
26.965688,12.776083,0.000000,0.185593,4.601509,0.015381
27.239364,12.852659,0.000000,0.186313,4.596682,0.013136
26.836798,12.864230,0.000000,0.186926,4.597806,0.015797
27.445383,12.886772,0.000000,0.187448,4.600794,0.013681
