23.177972,11.403303,0.000000,0.120364,7.377910,0.013970
23.244574,11.402520,0.000000,0.118401,7.272248,0.010996
23.147576,11.416390,0.000000,0.119082,7.505739,0.011108
22.874093,11.487877,0.000000,0.114227,7.233321,0.010980
23.073813,11.389005,0.000000,0.118810,7.249930,0.011037
23.058225,11.339089,0.000000,0.119423,7.402411,0.011939
23.157612,11.399439,0.000000,0.119600,7.273504,0.011121
23.292108,11.452039,0.000000,0.118955,7.559223,0.011129
23.275179,11.291399,0.000000,0.119012,7.521336,0.010876
23.474435,11.363622,0.000000,0.119314,7.330916,0.011771
23.387123,11.343253,0.000000,0.120889,7.462678,0.011182
23.131197,11.450396,0.000000,0.117790,7.135497,0.011354
22.946689,11.503457,0.000000,0.120833,7.230083,0.013767
22.937171,11.397014,0.000000,0.117524,7.335319,0.010804
23.243576,11.366785,0.000000,0.115237,7.517417,0.011082
23.195685,11.435237,0.000000,0.113872,7.323579,0.013346
23.229796,11.410491,0.000000,0.120273,7.290203,0.011143
23.114673,11.345184,0.000000,0.120317,7.294689,0.011165
23.312323,11.367055,0.000000,0.116917,7.240473,0.011237
23.048394,11.370635,0.000000,0.115000,7.250428,0.010998
23.421971,11.383247,0.000000,0.120315,7.227231,0.011075
23.390389,11.460794,0.000000,0.113849,7.210331,0.011590
22.921204,11.408813,0.000000,0.118802,7.403250,0.011036
23.167108,11.397899,0.000000,0.118073,7.370669,0.011210
22.865734,11.429132,0.000000,0.122152,7.184457,0.014761
22.971802,11.351390,0.000000,0.116874,7.188669,0.011592
23.415879,11.309116,0.000000,0.117977,7.453678,0.011050
23.216325,11.319421,0.000000,0.117460,7.395842,0.011516
23.821455,11.399181,0.000000,0.118653,7.350392,0.010700
22.914927,11.422635,0.000000,0.119495,7.353171,0.010920
23.398393,11.414590,0.000000,0.119568,7.370321,0.012610
23.383272,11.421553,0.000000,0.120053,7.315867,0.011157
23.169386,11.439255,0.000000,0.121305,7.239405,0.010949
23.025208,11.378308,0.000000,0.117644,7.351748,0.011082
23.221731,11.377905,0.000000,0.118791,7.414208,0.011364
23.109528,11.396842,0.000000,0.117560,7.349292,0.010847
22.936704,11.462990,0.000000,0.120759,7.303730,0.011399
23.297066,11.530267,0.000000,0.120672,7.364069,0.011731
23.062202,11.521263,0.000000,0.120101,7.354863,0.011110
23.354228,11.433189,0.000000,0.121154,7.371110,0.011327
23.050570,11.396585,0.000000,0.114234,7.226498,0.010801
22.867482,11.343747,0.000000,0.119216,7.200718,0.011250
22.994517,11.337762,0.000000,0.118699,7.477168,0.013366
22.872181,11.507758,0.000000,0.119714,7.237465,0.011313
23.387036,11.438476,0.000000,0.113049,7.293146,0.010705
24.018056,11.372091,0.000000,0.112311,7.461368,0.011087
23.301231,11.394828,0.000000,0.116404,7.276952,0.012347
23.192139,11.442852,0.000000,0.118071,7.316497,0.010976
23.085155,11.391950,0.000000,0.119942,7.394314,0.012852
23.220602,11.328715,0.000000,0.113268,7.373757,0.013003
26.213276,14.026806,0.000000,0.138822,8.121259,0.009844
26.249477,13.838713,0.000000,0.142009,8.142575,0.010593
26.460508,13.799226,0.000000,0.143092,8.329405,0.011114
25.948752,13.815822,0.000000,0.140932,7.962645,0.010219
25.734847,13.842229,0.000000,0.141589,7.718905,0.011317
25.965072,14.036900,0.000000,0.141912,7.717964,0.011303
25.748015,13.808968,0.000000,0.141472,7.703482,0.010101
26.318016,13.833100,0.000000,0.141435,8.304036,0.011030
25.887164,13.821889,0.000000,0.142852,7.835190,0.010359
26.550449,13.810637,0.000000,0.143122,8.352038,0.010245
25.802138,14.038217,0.000000,0.141585,7.672822,0.010446
25.841661,13.806878,0.000000,0.142677,7.632255,0.010014
26.057797,13.829700,0.000000,0.144639,7.968183,0.009843
26.153417,13.872428,0.000000,0.138890,8.038227,0.010125
25.435161,13.879766,0.000000,0.142085,7.449956,0.009992
25.871190,13.799465,0.000000,0.141972,7.508849,0.011303
25.784055,13.810479,0.000000,0.144146,7.579803,0.011710
25.871690,13.853059,0.000000,0.140955,7.721298,0.011041
26.303208,13.791764,0.000000,0.144606,8.075764,0.011464
25.958299,13.805339,0.000000,0.143024,7.844023,0.009782
26.494622,13.802366,0.000000,0.142113,8.546621,0.011262
25.648436,13.871110,0.000000,0.136926,7.571771,0.011066
25.876244,13.843344,0.000000,0.142616,7.718100,0.011412
26.428332,13.795962,0.000000,0.140466,8.294782,0.011362
26.419270,13.778428,0.000000,0.143058,8.095021,0.010013
26.499758,13.797838,0.000000,0.141256,7.947097,0.010156
26.055380,13.870583,0.000000,0.145644,7.950118,0.010541
26.384356,13.867588,0.000000,0.143744,8.393074,0.010265
26.203779,13.808099,0.000000,0.139479,7.974284,0.010596
25.976860,13.851622,0.000000,0.143261,7.946553,0.014272
26.032153,13.792863,0.000000,0.139635,7.712634,0.010991
26.185976,13.830346,0.000000,0.141869,7.982596,0.011256
26.460031,13.790700,0.000000,0.139711,8.186198,0.011192
26.190539,13.845530,0.000000,0.139129,8.279883,0.011093
25.965006,13.843826,0.000000,0.140351,7.902872,0.011131
26.004123,13.818254,0.000000,0.142319,7.997139,0.011400
25.701352,13.882535,0.000000,0.138911,7.708245,0.011416
26.100595,13.780235,0.000000,0.140943,8.142609,0.011120
26.138772,13.848287,0.000000,0.144906,8.183075,0.011513
26.831291,14.195868,0.000000,0.145905,8.175499,0.012794
26.393710,13.856180,0.000000,0.142518,8.446940,0.011157
25.902728,13.774680,0.000000,0.138781,7.950286,0.010149
26.368948,13.797619,0.000000,0.143722,8.041135,0.010397
26.053608,13.819229,0.000000,0.204838,8.088638,0.011407
26.113738,13.795371,0.000000,0.142650,8.187374,0.011245
25.763185,13.851590,0.000000,0.142672,7.809100,0.010219
25.903430,13.810924,0.000000,0.142379,7.839834,0.010650
26.373628,13.829765,0.000000,0.140813,8.292078,0.010245
25.903445,13.832106,0.000000,0.142323,7.767274,0.010125
27.286715,13.827603,0.000000,0.138705,8.335701,0.010774
