23.538726,11.530630,0.000000,0.115668,7.367975,0.049003
23.124260,11.562430,0.000000,0.116061,7.215491,0.046473
23.179121,11.588594,0.000000,0.115929,7.464869,0.046703
22.926630,11.597839,0.000000,0.113830,7.169678,0.046546
23.244939,11.595517,0.000000,0.120093,7.157242,0.046962
23.097068,11.472399,0.000000,0.113816,7.327058,0.047141
23.487966,11.571910,0.000000,0.115559,7.242587,0.046609
23.292740,11.462813,0.000000,0.112905,7.503310,0.045916
23.303772,11.468230,0.000000,0.114177,7.459344,0.045975
23.248570,11.504590,0.000000,0.117059,7.305497,0.047158
23.049734,11.470490,0.000000,0.119036,7.386311,0.047137
23.810992,11.444086,0.000000,0.114488,7.077229,0.046091
23.336156,11.466386,0.000000,0.117574,7.123164,0.048169
22.985652,11.503615,0.000000,0.112059,7.308680,0.046401
22.992861,11.558232,0.000000,0.114525,7.433786,0.046361
23.132549,11.481040,0.000000,0.114524,7.220508,0.049323
23.258481,11.521757,0.000000,0.116226,7.236263,0.046370
23.137397,11.545141,0.000000,0.116622,7.223512,0.046771
23.522673,11.493375,0.000000,0.114601,7.182606,0.046626
23.741323,11.502640,0.000000,0.118549,7.137920,0.046382
24.139943,11.489501,0.000000,0.114185,7.186733,0.046241
23.257491,11.553504,0.000000,0.115535,7.124243,0.046798
22.982158,11.547286,0.000000,0.115010,7.330570,0.046737
23.194292,11.515112,0.000000,0.114786,7.334731,0.046497
23.044162,11.493309,0.000000,0.112291,7.108292,0.050162
22.979687,11.783774,0.000000,0.128021,7.152378,0.046706
23.142480,11.499073,0.000000,0.116331,7.384008,0.046870
23.927810,11.509400,0.000000,0.113748,7.225487,0.046508
23.194038,11.498400,0.000000,0.113937,7.282763,0.046289
22.953662,11.487486,0.000000,0.114827,7.319381,0.046494
23.164138,11.598519,0.000000,0.118395,7.297585,0.047293
23.350380,11.528639,0.000000,0.110451,7.267110,0.046640
23.207461,11.566957,0.000000,0.119436,7.169138,0.046536
23.046632,11.574995,0.000000,0.116224,7.362743,0.046182
23.249371,11.502590,0.000000,0.116877,7.348454,0.045942
23.134375,11.539564,0.000000,0.118421,7.241695,0.046553
23.040039,11.549776,0.000000,0.116909,7.198290,0.047333
23.331412,11.590496,0.000000,0.116804,7.323723,0.047072
23.101046,11.557783,0.000000,0.115611,7.316670,0.045736
23.363519,11.591941,0.000000,0.120480,7.285649,0.046836
22.885563,11.546859,0.000000,0.118224,7.106909,0.046400
23.028459,11.547037,0.000000,0.115064,7.115967,0.046442
23.269661,11.542745,0.000000,0.115472,7.399323,0.048379
22.901316,11.756500,0.000000,0.117658,7.186591,0.045755
23.073757,11.483988,0.000000,0.117632,7.228685,0.046370
23.146167,11.507282,0.000000,0.118879,7.374428,0.046743
23.003450,11.478659,0.000000,0.113448,7.246022,0.047625
23.004658,11.570465,0.000000,0.116120,7.253314,0.046190
23.379809,11.508312,0.000000,0.119427,7.356203,0.048165
23.249956,11.476861,0.000000,0.118976,7.343232,0.048800
26.197269,13.786175,0.000000,0.138043,8.068673,0.066121
26.286154,13.792671,0.000000,0.139838,8.065303,0.067435
26.460285,13.801002,0.000000,0.134393,8.231601,0.068184
26.002191,13.740399,0.000000,0.140367,7.903542,0.066648
26.021018,13.823144,0.000000,0.135994,7.675619,0.067611
26.086272,13.778215,0.000000,0.196647,7.648577,0.068023
25.946561,13.782495,0.000000,0.138615,7.607013,0.066534
26.359825,13.794902,0.000000,0.139732,8.303315,0.067551
25.894167,13.800244,0.000000,0.138223,7.836840,0.066644
26.360907,13.789937,0.000000,0.141470,8.268330,0.066118
25.803784,13.796639,0.000000,0.140583,7.625690,0.067487
25.598641,13.778675,0.000000,0.134481,7.589034,0.067063
25.950876,13.869095,0.000000,0.138219,7.936216,0.066601
26.214331,13.878104,0.000000,0.138978,8.012310,0.066805
25.630662,13.765255,0.000000,0.139109,7.312559,0.066864
25.913058,13.810811,0.000000,0.136688,7.507621,0.066885
25.573085,13.797837,0.000000,0.140354,7.463860,0.067904
25.686513,13.781276,0.000000,0.142086,7.595776,0.067234
26.045898,13.796561,0.000000,0.138942,7.985160,0.067751
25.962507,13.795752,0.000000,0.137860,7.771306,0.066333
26.503443,13.801900,0.000000,0.140821,8.397775,0.069541
25.886464,13.794075,0.000000,0.138811,7.623588,0.067358
25.901208,13.779236,0.000000,0.140452,7.623925,0.067030
26.328100,13.802685,0.000000,0.136735,8.198159,0.067765
26.359019,13.817380,0.000000,0.137446,8.145653,0.066650
25.918516,13.790941,0.000000,0.138118,7.938940,0.067860
26.068320,13.798111,0.000000,0.138048,7.937765,0.067458
27.030715,13.800002,0.000000,0.140972,8.370023,0.065860
26.092014,13.837634,0.000000,0.141842,7.892640,0.067448
26.150952,13.859608,0.000000,0.133942,7.870790,0.070376
25.660051,13.786525,0.000000,0.138459,7.627220,0.067129
26.545884,13.836099,0.000000,0.137688,7.956272,0.067111
26.694920,13.784364,0.000000,0.137651,8.056924,0.066976
27.008319,13.839517,0.000000,0.137774,8.207499,0.067519
25.918372,13.775810,0.000000,0.138816,7.852500,0.067021
26.003404,13.818145,0.000000,0.136007,7.878958,0.067727
25.971725,13.811277,0.000000,0.140758,7.695296,0.067626
26.114837,13.784301,0.000000,0.137254,8.042105,0.067081
26.291643,13.843121,0.000000,0.143022,8.055131,0.067723
26.872077,13.885062,0.000000,0.141049,8.124100,0.069539
26.423695,13.809588,0.000000,0.136224,8.356508,0.069416
26.367689,13.849404,0.000000,0.136242,7.918314,0.066038
26.241328,13.767486,0.000000,0.134916,7.981730,0.066264
26.106119,13.818962,0.000000,0.138949,7.961694,0.067206
26.323009,13.760548,0.000000,0.140398,8.118479,0.067055
25.876874,13.826942,0.000000,0.138598,7.744308,0.066278
26.148852,13.902764,0.000000,0.141618,7.807790,0.067205
26.960193,13.839088,0.000000,0.139506,8.243755,0.066042
25.991703,13.826533,0.000000,0.137917,7.798268,0.066727
26.350805,13.800764,0.000000,0.142913,8.344957,0.067248
31.389497,16.857772,0.000000,0.361852,8.653066,0.047767
31.227457,16.880060,0.000000,0.243333,8.491931,0.047539
31.570723,16.909229,0.000000,0.240581,8.640287,0.047472
31.665537,16.879392,0.000000,0.245943,8.713691,0.047355
31.398430,16.803040,0.000000,0.240363,8.678901,0.048079
31.577612,16.815135,0.000000,0.339059,8.669899,0.048812
31.338526,16.993247,0.000000,0.247548,8.532376,0.047810
31.771588,16.852070,0.000000,0.245596,8.792630,0.048293
31.426492,16.856764,0.000000,0.245966,8.382595,0.048736
31.547647,16.783573,0.000000,0.241995,8.574672,0.047846
31.521079,16.827371,0.000000,0.245495,8.598458,0.047770
31.300301,16.810803,0.000000,0.244790,8.626068,0.047532
31.319839,16.833889,0.000000,0.245532,8.572954,0.048258
31.487234,17.114789,0.000000,0.243387,8.666964,0.048705
31.793262,16.854210,0.000000,0.355373,8.920337,0.047779
31.444665,16.970616,0.000000,0.244807,8.680281,0.048423
31.410676,16.843766,0.000000,0.245108,8.646403,0.047922
31.380535,16.869825,0.000000,0.241289,8.598035,0.047618
30.908963,16.837151,0.000000,0.243832,8.093629,0.048022
31.400754,16.961557,0.000000,0.246270,8.650076,0.048092
31.342795,16.813659,0.000000,0.240123,8.590464,0.047633
31.375170,16.872462,0.000000,0.240772,8.532309,0.047806
31.192244,16.889425,0.000000,0.241479,8.493937,0.047729
31.297473,16.907762,0.000000,0.240185,8.613151,0.047709
31.489531,16.970277,0.000000,0.241819,8.625568,0.048352
31.473222,16.992908,0.000000,0.247030,8.547228,0.048314
31.410290,16.855523,0.000000,0.245295,8.653948,0.048421
31.213275,16.864787,0.000000,0.240367,8.485461,0.048695
31.374195,16.884997,0.000000,0.238805,8.615588,0.048651
31.173481,16.813411,0.000000,0.248279,8.479188,0.047800
31.551587,16.833288,0.000000,0.241028,8.651080,0.047433
31.503680,16.820744,0.000000,0.246663,8.588453,0.050116
31.317680,16.958294,0.000000,0.240059,8.624307,0.048318
31.439755,16.850424,0.000000,0.245673,8.669974,0.047817
31.249771,16.942399,0.000000,0.239055,8.518327,0.048218
31.421742,16.908339,0.000000,0.242730,8.593638,0.048362
31.401613,16.806198,0.000000,0.266178,8.580066,0.048670
31.316555,16.866985,0.000000,0.241185,8.640209,0.047985
31.393781,16.848282,0.000000,0.241555,8.599277,0.048462
31.345622,16.873181,0.000000,0.339235,8.455171,0.048206
31.269925,16.888879,0.000000,0.344097,8.501927,0.047612
31.530918,16.847147,0.000000,0.246730,8.745799,0.048089
31.672993,16.873098,0.000000,0.241786,8.615153,0.047746
31.415312,16.904367,0.000000,0.241784,8.649226,0.047576
31.463883,16.907670,0.000000,0.241061,8.636878,0.047836
31.431954,17.006731,0.000000,0.242578,8.652194,0.047601
31.516690,16.890364,0.000000,0.245919,8.652454,0.047892
31.374614,16.812891,0.000000,0.246029,8.596284,0.047559
31.500161,16.806085,0.000000,0.240091,8.754477,0.048627
31.635952,16.877562,0.000000,0.244681,8.648310,0.048331
