2.592650,0.692123,0.000000,0.020168,1.316423,0.005439
2.658874,0.674500,0.000000,0.020326,1.316349,0.005968
2.682811,0.676457,0.000000,0.020378,1.350102,0.008184
2.652583,0.673693,0.000000,0.019650,1.320426,0.006404
2.780793,0.670553,0.000000,0.019272,1.277540,0.006501
2.631426,0.689192,0.000000,0.020357,1.301546,0.005935
2.620573,0.671306,0.000000,0.019689,1.356332,0.006574
2.688109,0.671470,0.000000,0.019845,1.305501,0.006448
2.621688,0.674480,0.000000,0.020228,1.336964,0.007221
2.616775,0.687631,0.000000,0.019657,1.311703,0.007277
2.607254,0.699810,0.000000,0.020777,1.289464,0.006399
2.646060,0.670594,0.000000,0.020065,1.321487,0.008092
2.746870,0.684404,0.000000,0.019938,1.322472,0.006863
2.602950,0.670945,0.000000,0.019440,1.351673,0.005900
2.553106,0.682402,0.000000,0.019188,1.270753,0.005942
2.668571,0.673097,0.000000,0.018554,1.377576,0.006477
2.805357,0.676001,0.000000,0.020087,1.310089,0.006176
2.939693,0.673057,0.000000,0.019568,1.285707,0.005799
2.596112,0.685349,0.000000,0.020138,1.331727,0.006105
2.632746,0.670053,0.000000,0.019002,1.337725,0.005898
2.658830,0.727728,0.000000,0.020839,1.355011,0.007408
2.850490,0.670159,0.000000,0.019696,1.391713,0.005361
2.707652,0.673983,0.000000,0.019989,1.327455,0.007782
2.604065,0.675599,0.000000,0.019735,1.324140,0.007886
2.814617,0.672775,0.000000,0.018921,1.300135,0.006724
2.665183,0.672146,0.000000,0.019692,1.377560,0.006228
2.590327,0.688794,0.000000,0.020319,1.314669,0.006777
2.938205,0.690842,0.000000,0.019461,1.342643,0.006431
2.600970,0.675151,0.000000,0.019931,1.288809,0.006765
2.729938,0.677935,0.000000,0.020433,1.298525,0.006652
2.710295,0.671426,0.000000,0.019868,1.395450,0.006242
2.804436,0.667679,0.000000,0.018344,1.331517,0.005699
2.664481,0.670716,0.000000,0.019187,1.326346,0.006833
3.366012,0.667035,0.000000,0.018266,1.315424,0.006573
3.374237,0.667480,0.000000,0.019305,1.287744,0.006321
2.885024,0.679243,0.000000,0.019555,1.302516,0.006987
2.599467,0.669439,0.000000,0.018537,1.285435,0.006028
2.774731,0.686250,0.000000,0.020166,1.314679,0.006694
2.710333,0.691718,0.000000,0.019669,1.336694,0.006055
2.746475,0.689642,0.000000,0.020917,1.286180,0.005754
2.742499,0.673814,0.000000,0.019831,1.296666,0.007460
2.636811,0.683755,0.000000,0.019172,1.347671,0.006174
2.710892,0.671023,0.000000,0.019392,1.327118,0.006531
2.826740,0.674306,0.000000,0.020054,1.293781,0.005584
2.812951,0.671339,0.000000,0.019929,1.344825,0.006642
2.628976,0.706925,0.000000,0.020060,1.356353,0.008273
2.896903,0.671914,0.000000,0.019367,1.254138,0.006354
2.656710,0.678521,0.000000,0.019607,1.347165,0.007921
2.734854,0.676695,0.000000,0.019250,1.352581,0.006894
2.965205,0.671286,0.000000,0.018795,1.308490,0.006705
4.042753,0.851143,0.000000,0.028612,0.819740,0.005495
3.901735,0.853743,0.000000,0.027084,0.841835,0.005809
4.014144,0.853296,0.000000,0.022348,0.814577,0.005150
3.994074,0.853581,0.000000,0.022451,0.830815,0.005391
3.953759,0.852965,0.000000,0.024172,0.825825,0.005540
3.883203,0.853230,0.000000,0.022838,0.784057,0.005690
4.071255,0.852278,0.000000,0.022465,0.813901,0.005285
4.020291,0.852077,0.000000,0.021720,0.817814,0.005328
3.940431,0.852836,0.000000,0.023514,0.804381,0.005248
3.833469,0.858193,0.000000,0.026794,0.829530,0.005594
3.941811,0.854158,0.000000,0.025515,0.804063,0.005594
3.789435,0.852854,0.000000,0.022273,0.813770,0.005338
3.944564,0.854897,0.000000,0.022267,0.825087,0.005096
3.966119,0.852889,0.000000,0.022809,0.826674,0.005237
3.878110,0.851752,0.000000,0.022485,0.832631,0.005260
3.897952,0.854008,0.000000,0.022433,0.834177,0.005611
3.893395,0.851819,0.000000,0.021940,0.817825,0.005533
3.884216,0.852116,0.000000,0.023861,0.831844,0.005495
4.008501,0.853671,0.000000,0.021907,0.816273,0.005595
3.905738,0.854238,0.000000,0.022575,0.806725,0.005396
3.954522,0.853955,0.000000,0.022994,0.812126,0.005039
3.856571,0.858758,0.000000,0.023189,0.806133,0.005765
4.214249,0.853874,0.000000,0.022448,0.807914,0.006048
3.964344,0.851983,0.000000,0.022249,0.800004,0.005597
3.822944,0.866604,0.000000,0.025012,0.810577,0.005709
4.056322,0.852902,0.000000,0.022649,0.822210,0.005507
3.845174,0.859884,0.000000,0.022542,0.820143,0.005418
4.008192,0.850823,0.000000,0.022598,0.839275,0.005351
3.920165,0.859157,0.000000,0.022511,0.824155,0.005671
4.069135,0.861691,0.000000,0.022569,0.810298,0.005370
3.955713,0.854139,0.000000,0.028027,0.827811,0.005265
3.881214,0.862921,0.000000,0.022266,0.800966,0.005487
3.965307,0.851892,0.000000,0.023252,0.801873,0.005465
3.942521,0.856687,0.000000,0.023276,0.813672,0.006433
4.037653,0.854427,0.000000,0.023300,0.808025,0.005656
3.912393,0.849577,0.000000,0.021982,0.810969,0.005295
3.983776,0.854640,0.000000,0.023530,0.826806,0.004934
3.869774,0.853780,0.000000,0.022704,0.847418,0.005279
4.082463,0.851272,0.000000,0.022830,0.826417,0.005650
4.225368,0.854547,0.000000,0.022730,0.818252,0.005259
3.920766,0.858177,0.000000,0.021949,0.826201,0.005496
3.922667,0.852605,0.000000,0.024740,0.810752,0.005677
3.835311,0.865182,0.000000,0.022625,0.827398,0.005641
3.973885,0.857442,0.000000,0.028360,0.799087,0.005591
4.105670,0.853032,0.000000,0.024922,0.816463,0.004893
3.942570,0.854965,0.000000,0.022155,0.817963,0.005478
3.959530,0.856352,0.000000,0.021994,0.804645,0.005221
3.911719,0.855675,0.000000,0.023677,0.831748,0.005333
3.729236,0.855137,0.000000,0.026865,0.821357,0.005451
3.972173,0.852086,0.000000,0.023097,0.782268,0.005424
