3.871187,  1.451215, 0.000000, 0.046395, 1.696103, 0.015945
4.196245,  1.418236, 0.000000, 0.048233, 1.745682, 0.015429
3.981076,  1.413156, 0.000000, 0.046762, 1.801717, 0.016087
4.425846,  1.413282, 0.000000, 0.044467, 1.802623, 0.016353
3.792535,  1.444564, 0.000000, 0.046681, 1.579802, 0.015872
3.957608,  1.411671, 0.000000, 0.043851, 1.685220, 0.014868
4.387107,  1.413874, 0.000000, 0.044917, 1.658217, 0.015071
3.899318,  1.454121, 0.000000, 0.046939, 1.700504, 0.015294
3.853061,  1.414673, 0.000000, 0.046282, 1.663093, 0.015690
3.900014,  1.432547, 0.000000, 0.045411, 1.726754, 0.016377
3.843005,  1.417477, 0.000000, 0.045361, 1.657733, 0.015589
4.260646,  1.394486, 0.000000, 0.044500, 1.721978, 0.015334
3.894201,  1.428842, 0.000000, 0.046008, 1.745773, 0.015643
4.064831,  1.412876, 0.000000, 0.043865, 1.711576, 0.015212
3.826169,  1.413218, 0.000000, 0.047407, 1.668877, 0.015069
4.072177,  1.418107, 0.000000, 0.044856, 1.698565, 0.014058
4.005929,  1.418222, 0.000000, 0.044812, 1.673523, 0.015700
4.142178,  1.415399, 0.000000, 0.045871, 1.834941, 0.015811
4.279912,  1.427861, 0.000000, 0.044120, 1.750150, 0.014479
3.931417,  1.417565, 0.000000, 0.044621, 1.776844, 0.015032
3.864983,  1.415634, 0.000000, 0.051695, 1.703503, 0.014362
3.951184,  1.413088, 0.000000, 0.045033, 1.788828, 0.014981
3.869279,  1.421238, 0.000000, 0.046638, 1.698502, 0.015610
3.929483,  1.487380, 0.000000, 0.045962, 1.690559, 0.015740
3.935317,  1.411112, 0.000000, 0.051727, 1.768147, 0.015183
4.055879,  1.415315, 0.000000, 0.044066, 1.691060, 0.014638
3.845197,  1.405765, 0.000000, 0.050419, 1.671229, 0.015708
3.903536,  1.412420, 0.000000, 0.049884, 1.715480, 0.015516
3.848067,  1.409462, 0.000000, 0.044548, 1.679020, 0.015625
3.882652,  1.438828, 0.000000, 0.046375, 1.723631, 0.013188
3.931371,  1.488900, 0.000000, 0.048763, 1.767965, 0.015877
3.915991,  1.428740, 0.000000, 0.046773, 1.667577, 0.015918
3.992612,  1.416843, 0.000000, 0.052227, 1.816654, 0.015453
3.920847,  1.445053, 0.000000, 0.045727, 1.762106, 0.015976
3.849734,  1.424133, 0.000000, 0.046238, 1.657815, 0.014611
3.968325,  1.413259, 0.000000, 0.044975, 1.798850, 0.015590
4.020661,  1.444726, 0.000000, 0.044910, 1.819550, 0.015972
3.765978,  1.417189, 0.000000, 0.044653, 1.608057, 0.015296
3.758880,  1.408819, 0.000000, 0.046962, 1.580659, 0.014528
3.852557,  1.457460, 0.000000, 0.046663, 1.679819, 0.015644
3.851810,  1.442958, 0.000000, 0.045733, 1.691955, 0.015559
3.934353,  1.457290, 0.000000, 0.046672, 1.751299, 0.015493
4.130432,  1.414353, 0.000000, 0.043621, 1.667676, 0.015319
4.192983,  1.421179, 0.000000, 0.043600, 1.756331, 0.014268
3.894027,  1.415255, 0.000000, 0.046450, 1.734244, 0.015914
3.933779,  1.414040, 0.000000, 0.045245, 1.772199, 0.015805
3.845378,  1.433658, 0.000000, 0.049974, 1.660864, 0.015924
3.939997,  1.412612, 0.000000, 0.044269, 1.761360, 0.015502
3.908902,  1.413921, 0.000000, 0.046274, 1.726031, 0.015812
4.040292,  1.415398, 0.000000, 0.043205, 1.751251, 0.015672
2.787530,  0.877480, 0.000000, 0.038162, 1.354100, 0.010708
2.801098,  0.878112, 0.000000, 0.036587, 1.318589, 0.011073
3.413919,  0.856626, 0.000000, 0.035784, 1.439165, 0.010994
3.048040,  0.857873, 0.000000, 0.034408, 1.351570, 0.009895
3.596791,  0.854748, 0.000000, 0.035005, 1.414430, 0.009129
2.819269,  0.880026, 0.000000, 0.037571, 1.322167, 0.010899
3.052938,  0.879634, 0.000000, 0.032904, 1.357954, 0.010964
2.925164,  0.859839, 0.000000, 0.034075, 1.376339, 0.011558
3.272537,  0.856124, 0.000000, 0.036863, 1.339351, 0.010387
2.847439,  0.857030, 0.000000, 0.039177, 1.389073, 0.011106
2.965998,  0.858675, 0.000000, 0.039048, 1.346367, 0.011559
3.578600,  0.857536, 0.000000, 0.034479, 1.373451, 0.010567
3.053257,  0.859627, 0.000000, 0.033812, 1.342936, 0.011345
2.815172,  0.856476, 0.000000, 0.038369, 1.356430, 0.009929
3.023269,  0.879800, 0.000000, 0.036437, 1.382464, 0.011005
2.860335,  0.881538, 0.000000, 0.037979, 1.333810, 0.010518
2.823850,  0.866464, 0.000000, 0.037348, 1.366432, 0.011569
2.815294,  0.856666, 0.000000, 0.035914, 1.346936, 0.011094
2.861738,  0.881133, 0.000000, 0.037802, 1.344226, 0.010187
2.896070,  1.006880, 0.000000, 0.036564, 1.342452, 0.010688
2.886824,  0.874381, 0.000000, 0.038433, 1.417868, 0.009971
3.042953,  0.877938, 0.000000, 0.040189, 1.337867, 0.010686
3.134903,  0.885008, 0.000000, 0.033887, 1.477020, 0.009776
2.797223,  0.866141, 0.000000, 0.036593, 1.334821, 0.010177
2.918835,  0.879295, 0.000000, 0.033395, 1.355856, 0.010130
2.800879,  0.882408, 0.000000, 0.038850, 1.324054, 0.009351
2.832208,  0.877228, 0.000000, 0.036637, 1.341032, 0.011221
2.982938,  0.854631, 0.000000, 0.036797, 1.469852, 0.010372
2.806024,  0.878986, 0.000000, 0.038138, 1.326135, 0.009561
2.879717,  0.885853, 0.000000, 0.039253, 1.367421, 0.010378
2.775293,  0.866837, 0.000000, 0.038876, 1.313049, 0.009704
2.782533,  0.885724, 0.000000, 0.038589, 1.329996, 0.011406
2.850000,  0.856812, 0.000000, 0.038039, 1.402705, 0.009756
2.877348,  0.859693, 0.000000, 0.038484, 1.410191, 0.010844
2.925311,  0.867948, 0.000000, 0.034255, 1.362005, 0.009421
2.807785,  0.866906, 0.000000, 0.036809, 1.367170, 0.009785
2.854195,  0.881230, 0.000000, 0.037841, 1.392123, 0.010067
3.160624,  0.871480, 0.000000, 0.037899, 1.323055, 0.009838
2.780019,  0.879587, 0.000000, 0.040344, 1.310291, 0.010340
2.892830,  0.887290, 0.000000, 0.037105, 1.432613, 0.011909
2.778833,  0.895687, 0.000000, 0.038723, 1.332982, 0.009699
2.827641,  0.863608, 0.000000, 0.039158, 1.362331, 0.011274
2.862859,  0.872566, 0.000000, 0.038707, 1.389075, 0.010540
2.849525,  0.856991, 0.000000, 0.036201, 1.387053, 0.011110
2.774956,  0.855961, 0.000000, 0.034230, 1.322506, 0.010894
2.831832,  0.879955, 0.000000, 0.037362, 1.346302, 0.010583
3.194936,  0.856004, 0.000000, 0.036997, 1.318995, 0.010514
3.701248,  0.862847, 0.000000, 0.034963, 1.403590, 0.010082
2.911189,  0.857861, 0.000000, 0.036138, 1.390155, 0.010510
2.869461,  0.886250, 0.000000, 0.041981, 1.389495, 0.010056
2.695927,  0.660317, 0.000000, 0.018491, 1.302070, 0.010342
2.686451,  0.662979, 0.000000, 0.018734, 1.359077, 0.010390
2.608897,  0.663271, 0.000000, 0.019242, 1.294209, 0.010727
2.914851,  0.646132, 0.000000, 0.017613, 1.289716, 0.011269
2.861112,  0.636455, 0.000000, 0.017565, 1.276125, 0.010704
2.643159,  0.660012, 0.000000, 0.019023, 1.296788, 0.010465
2.733992,  0.660391, 0.000000, 0.018974, 1.304600, 0.010260
3.473311,  0.636983, 0.000000, 0.017400, 1.280539, 0.009421
2.713559,  0.675376, 0.000000, 0.018651, 1.284960, 0.009875
2.623031,  0.664341, 0.000000, 0.018850, 1.274737, 0.010023
3.059600,  0.635738, 0.000000, 0.018222, 1.277457, 0.009529
2.692820,  0.651456, 0.000000, 0.017747, 1.282498, 0.010082
2.746232,  0.635513, 0.000000, 0.017792, 1.319164, 0.009633
2.676740,  0.655225, 0.000000, 0.019170, 1.285045, 0.010227
2.902956,  0.638991, 0.000000, 0.017648, 1.313276, 0.010249
2.626190,  0.637245, 0.000000, 0.018890, 1.324448, 0.010309
2.923376,  0.645138, 0.000000, 0.017675, 1.345705, 0.010133
2.633453,  0.660614, 0.000000, 0.019328, 1.271788, 0.010314
2.878042,  0.642425, 0.000000, 0.018458, 1.321701, 0.010587
2.853853,  0.640471, 0.000000, 0.017988, 1.348004, 0.010434
2.634416,  0.661971, 0.000000, 0.018597, 1.303613, 0.010491
2.836658,  0.654774, 0.000000, 0.018625, 1.328929, 0.009408
2.624486,  0.664856, 0.000000, 0.019650, 1.315599, 0.010534
2.776778,  0.643644, 0.000000, 0.017804, 1.305550, 0.010342
2.659277,  0.639268, 0.000000, 0.018900, 1.337442, 0.010236
2.640552,  0.658918, 0.000000, 0.018743, 1.337669, 0.009964
2.972704,  0.654486, 0.000000, 0.018913, 1.304302, 0.010351
2.840484,  0.645008, 0.000000, 0.018621, 1.292171, 0.011138
3.138724,  0.640376, 0.000000, 0.017405, 1.263712, 0.010303
2.671645,  0.655799, 0.000000, 0.019411, 1.268226, 0.008653
2.749271,  0.641005, 0.000000, 0.017903, 1.268688, 0.010710
2.634052,  0.667972, 0.000000, 0.019187, 1.253850, 0.010166
3.587266,  0.639882, 0.000000, 0.017574, 1.280506, 0.011052
2.783079,  0.663452, 0.000000, 0.019267, 1.299471, 0.010066
2.823198,  0.656778, 0.000000, 0.017857, 1.321266, 0.010645
2.556484,  0.645178, 0.000000, 0.018417, 1.225982, 0.010274
2.677959,  0.663920, 0.000000, 0.018492, 1.290973, 0.010819
2.859013,  0.658509, 0.000000, 0.017755, 1.343797, 0.010627
2.666760,  0.671163, 0.000000, 0.018561, 1.284887, 0.010614
2.656463,  0.641886, 0.000000, 0.018037, 1.271398, 0.009833
2.689501,  0.641125, 0.000000, 0.018066, 1.320216, 0.010102
3.475419,  0.640641, 0.000000, 0.017367, 1.312281, 0.010400
2.595048,  0.661965, 0.000000, 0.018411, 1.289877, 0.010194
2.635650,  0.663335, 0.000000, 0.019222, 1.309931, 0.010204
2.743671,  0.647938, 0.000000, 0.018319, 1.268184, 0.009819
2.985839,  0.645301, 0.000000, 0.018433, 1.310000, 0.009326
2.615381,  0.664218, 0.000000, 0.018994, 1.298537, 0.010099
2.821483,  0.643284, 0.000000, 0.018302, 1.250866, 0.010350
2.815954,  0.641308, 0.000000, 0.018283, 1.238560, 0.009735
2.632079,  0.664532, 0.000000, 0.018820, 1.283304, 0.009747
