2.638593,0.659004,0.000000,0.019081,1.266142,0.009103
2.633722,0.668773,0.000000,0.019407,1.232008,0.008964
2.593968,0.664957,0.000000,0.019352,1.250823,0.009418
2.635433,0.669578,0.000000,0.019062,1.305605,0.009417
2.962309,0.638555,0.000000,0.019637,1.293298,0.009382
2.989339,0.640949,0.000000,0.018877,1.261016,0.009012
2.624143,0.661606,0.000000,0.019290,1.311771,0.009284
2.686580,0.650993,0.000000,0.018990,1.286181,0.009508
2.794978,0.646620,0.000000,0.019114,1.295440,0.009488
2.683432,0.640950,0.000000,0.018831,1.313320,0.009185
2.659963,0.669629,0.000000,0.019176,1.262343,0.009153
2.646982,0.646528,0.000000,0.019310,1.287555,0.009788
2.619174,0.658960,0.000000,0.019638,1.337453,0.009930
2.681028,0.642517,0.000000,0.019472,1.293368,0.009691
2.578480,0.666174,0.000000,0.018910,1.213653,0.009599
2.811993,0.639159,0.000000,0.018910,1.305877,0.009748
3.619701,0.647820,0.000000,0.018582,1.296678,0.009513
2.749828,0.639121,0.000000,0.019647,1.270282,0.010278
2.637672,0.660338,0.000000,0.019585,1.243062,0.010358
2.960871,0.640889,0.000000,0.018215,1.257396,0.009825
2.663808,0.653138,0.000000,0.019910,1.253267,0.008915
2.813310,0.646369,0.000000,0.019460,1.269108,0.009474
2.690352,0.657708,0.000000,0.019799,1.272745,0.010568
2.790526,0.644302,0.000000,0.019157,1.304439,0.009508
2.638687,0.646467,0.000000,0.019475,1.314515,0.009046
2.914112,0.648013,0.000000,0.018989,1.333478,0.009417
2.653728,0.644735,0.000000,0.019400,1.293273,0.009259
2.616479,0.665464,0.000000,0.019725,1.304311,0.009937
2.634617,0.642003,0.000000,0.019076,1.286059,0.009575
2.635090,0.664974,0.000000,0.019429,1.297730,0.009723
2.633479,0.653286,0.000000,0.020623,1.313243,0.009663
2.647049,0.661256,0.000000,0.019356,1.306700,0.009984
3.474280,0.640115,0.000000,0.017989,1.266346,0.009487
2.778024,0.641379,0.000000,0.018743,1.340720,0.010541
2.626137,0.692265,0.000000,0.019588,1.318834,0.009493
2.595183,0.666532,0.000000,0.019204,1.309123,0.009263
2.904802,0.681087,0.000000,0.019047,1.275170,0.009577
2.720507,0.640503,0.000000,0.018384,1.322183,0.008721
2.803774,0.647690,0.000000,0.019086,1.274462,0.009290
2.587136,0.648587,0.000000,0.019222,1.266976,0.009777
2.872215,0.643784,0.000000,0.018235,1.257140,0.009104
3.619072,0.640951,0.000000,0.017971,1.296671,0.009236
2.584427,0.645525,0.000000,0.019178,1.288697,0.008992
2.815643,0.644763,0.000000,0.018943,1.293782,0.009561
2.852027,0.645017,0.000000,0.018825,1.302802,0.009809
2.735413,0.643597,0.000000,0.019062,1.257721,0.009799
2.772370,0.647995,0.000000,0.019284,1.288895,0.010568
2.945930,0.641647,0.000000,0.018193,1.291258,0.010020
2.861601,0.639874,0.000000,0.019338,1.347140,0.009458
2.715585,0.647007,0.000000,0.018735,1.274091,0.009410
3.383153,0.864704,0.000000,0.026577,1.365425,0.008859
2.840992,0.856113,0.000000,0.027642,1.368549,0.009439
2.854842,0.878749,0.000000,0.027883,1.413819,0.008810
2.783363,0.853760,0.000000,0.027330,1.304468,0.009264
3.058600,0.857517,0.000000,0.027557,1.365937,0.009479
2.787322,0.857458,0.000000,0.030607,1.324128,0.009853
2.851810,0.881824,0.000000,0.029255,1.363315,0.010046
2.907593,0.876294,0.000000,0.027269,1.369018,0.010091
3.004766,0.859390,0.000000,0.027628,1.359624,0.010095
2.780435,0.860987,0.000000,0.027372,1.315926,0.008180
2.893568,0.859293,0.000000,0.027120,1.409811,0.010510
2.797958,0.855665,0.000000,0.029956,1.287753,0.009090
3.093889,0.858765,0.000000,0.029948,1.318795,0.008616
2.818797,0.869367,0.000000,0.030309,1.386040,0.008684
2.795475,0.857591,0.000000,0.027095,1.352025,0.008689
3.113220,0.860148,0.000000,0.028228,1.336488,0.008401
2.899681,0.867732,0.000000,0.028191,1.402357,0.009381
2.862603,0.869159,0.000000,0.033736,1.389921,0.008515
2.783689,0.862906,0.000000,0.028268,1.301725,0.010318
3.013452,0.873770,0.000000,0.028511,1.291789,0.008648
3.218576,0.855082,0.000000,0.025897,1.343366,0.008903
2.925558,0.880062,0.000000,0.028650,1.314802,0.008415
2.937635,0.865436,0.000000,0.032775,1.457618,0.009016
2.828870,0.860648,0.000000,0.028264,1.338393,0.009767
3.702135,0.862223,0.000000,0.026179,1.289618,0.008454
2.796851,0.851211,0.000000,0.026721,1.342807,0.008977
2.792917,0.858040,0.000000,0.027092,1.337376,0.009221
2.928514,0.859596,0.000000,0.027320,1.454393,0.008858
2.871341,0.853420,0.000000,0.030832,1.337281,0.009488
2.874852,0.872432,0.000000,0.027461,1.414453,0.008676
2.893439,0.855489,0.000000,0.028128,1.340733,0.009558
2.839123,0.852522,0.000000,0.027648,1.343952,0.008926
3.019310,0.856421,0.000000,0.030062,1.337555,0.009945
2.823456,0.864947,0.000000,0.027170,1.348051,0.010518
2.836899,0.857431,0.000000,0.027860,1.347012,0.009330
2.837562,0.879662,0.000000,0.028251,1.348371,0.009716
3.285986,0.859357,0.000000,0.033399,1.359598,0.008776
2.808015,0.858710,0.000000,0.027146,1.313288,0.012802
3.017312,0.857255,0.000000,0.026870,1.382073,0.009389
3.285568,1.036950,0.000000,0.030608,1.305245,0.010238
3.084340,0.855127,0.000000,0.027924,1.356193,0.009717
2.804448,0.858242,0.000000,0.033806,1.329542,0.009075
3.569178,0.855192,0.000000,0.026879,1.361138,0.009020
2.798019,0.879351,0.000000,0.027336,1.341597,0.009913
2.811814,0.880547,0.000000,0.027938,1.295177,0.009614
2.859378,0.865863,0.000000,0.028060,1.409557,0.008272
2.829767,0.884960,0.000000,0.027167,1.349316,0.008649
2.882205,0.888863,0.000000,0.027912,1.410224,0.010113
2.966914,0.860024,0.000000,0.027667,1.294822,0.008735
2.807352,0.858338,0.000000,0.027971,1.351409,0.009569
3.925027,1.475653,0.000000,0.063482,1.742350,0.013672
3.925837,1.482978,0.000000,0.067264,1.713844,0.013783
4.557137,1.450669,0.000000,0.058449,1.758084,0.013649
3.985364,1.468479,0.000000,0.061726,1.648496,0.013881
3.942955,1.468519,0.000000,0.062805,1.761330,0.013780
3.897633,1.449911,0.000000,0.061777,1.730265,0.013845
3.942744,1.475911,0.000000,0.064047,1.747034,0.012265
4.034723,1.471374,0.000000,0.059018,1.655347,0.013448
3.922927,1.449160,0.000000,0.063791,1.741389,0.013488
3.863608,1.472214,0.000000,0.063625,1.683630,0.013602
3.855814,1.477283,0.000000,0.063971,1.664875,0.013574
3.748124,1.467899,0.000000,0.064306,1.571721,0.012441
4.308832,1.439415,0.000000,0.061355,1.600153,0.014261
4.421286,1.445419,0.000000,0.061776,1.808075,0.014001
3.971536,1.471848,0.000000,0.063063,1.792582,0.013497
4.298967,1.443640,0.000000,0.061243,1.647322,0.012574
3.914643,1.450617,0.000000,0.064505,1.754836,0.014166
3.998008,1.446470,0.000000,0.063369,1.813262,0.013747
4.028526,1.461445,0.000000,0.060721,1.659757,0.013832
4.397674,1.478104,0.000000,0.059220,1.765510,0.013751
3.885785,1.469745,0.000000,0.066568,1.711549,0.011496
3.917201,1.479078,0.000000,0.064534,1.672282,0.013684
4.140086,1.443351,0.000000,0.063635,1.703826,0.013787
3.888294,1.468573,0.000000,0.064887,1.678434,0.013717
3.845805,1.448620,0.000000,0.063945,1.679851,0.012636
4.310958,1.444914,0.000000,0.064580,1.756956,0.013158
3.976291,1.463254,0.000000,0.063849,1.677644,0.013997
3.901076,1.475075,0.000000,0.065242,1.688587,0.013713
4.073382,1.458552,0.000000,0.065077,1.784790,0.013018
3.871105,1.465125,0.000000,0.065845,1.696291,0.012359
3.959297,1.465609,0.000000,0.062466,1.768969,0.013001
3.914170,1.462833,0.000000,0.063583,1.746588,0.012650
4.043063,1.449989,0.000000,0.063386,1.824637,0.013789
4.167144,1.448006,0.000000,0.064188,1.666305,0.013702
3.896363,1.470205,0.000000,0.063932,1.691065,0.012549
3.832910,1.478072,0.000000,0.063379,1.655967,0.013155
3.898319,1.457465,0.000000,0.064635,1.704731,0.013202
4.174751,1.447802,0.000000,0.063943,1.735720,0.013773
3.898310,1.445705,0.000000,0.063729,1.715560,0.013517
3.831498,1.469653,0.000000,0.063724,1.657336,0.013509
3.960481,1.474665,0.000000,0.064464,1.721146,0.013694
3.856134,1.482166,0.000000,0.061997,1.654618,0.013660
3.905163,1.453721,0.000000,0.066797,1.695135,0.013190
3.827527,1.472113,0.000000,0.062759,1.647814,0.012179
4.106421,1.460863,0.000000,0.065906,1.679117,0.012936
3.778461,1.459263,0.000000,0.065195,1.568924,0.013779
4.115635,1.480666,0.000000,0.062046,1.790077,0.013603
3.994404,1.460514,0.000000,0.066197,1.792288,0.014189
4.209098,1.449354,0.000000,0.061537,1.739036,0.013759
3.872723,1.449553,0.000000,0.063592,1.685143,0.013769
