4.067153,  0.858833, 0.000000, 0.026885, 0.793519, 0.006953
3.739990,  0.872723, 0.000000, 0.026195, 0.821588, 0.006065
4.072977,  0.862366, 0.000000, 0.028833, 0.838351, 0.006906
3.834995,  0.858848, 0.000000, 0.028771, 0.829150, 0.005858
3.948790,  0.858974, 0.000000, 0.025668, 0.811094, 0.005967
3.980503,  0.863860, 0.000000, 0.030138, 0.821198, 0.006611
4.118614,  0.861638, 0.000000, 0.029756, 0.802880, 0.006167
3.835161,  0.863992, 0.000000, 0.026364, 0.823074, 0.006019
3.932548,  0.884924, 0.000000, 0.028580, 0.824070, 0.006782
3.911248,  0.856832, 0.000000, 0.028786, 0.828709, 0.006854
4.146042,  0.863559, 0.000000, 0.029808, 0.818229, 0.006860
4.156440,  0.862305, 0.000000, 0.028927, 0.830009, 0.006814
3.878070,  0.862969, 0.000000, 0.028848, 0.851713, 0.006725
3.993378,  0.859822, 0.000000, 0.026076, 0.825059, 0.005700
3.936386,  0.859489, 0.000000, 0.025623, 0.809133, 0.006911
3.922332,  0.862788, 0.000000, 0.028535, 0.816900, 0.006955
3.949136,  0.857952, 0.000000, 0.029562, 0.821119, 0.006757
4.072354,  0.858153, 0.000000, 0.028866, 0.799640, 0.006832
3.888928,  0.862029, 0.000000, 0.026704, 0.799790, 0.006658
3.961148,  0.859433, 0.000000, 0.029581, 0.827485, 0.006863
3.996358,  0.856813, 0.000000, 0.029212, 0.826684, 0.006172
3.927149,  0.861709, 0.000000, 0.026511, 0.835013, 0.006913
4.117165,  0.860452, 0.000000, 0.025606, 0.839204, 0.005853
3.929995,  0.869536, 0.000000, 0.028287, 0.816984, 0.006818
3.969744,  0.858172, 0.000000, 0.029190, 0.817697, 0.006165
3.935953,  0.861598, 0.000000, 0.028689, 0.810108, 0.006221
3.876771,  0.854837, 0.000000, 0.028901, 0.817037, 0.005855
4.042921,  0.862094, 0.000000, 0.029172, 0.822928, 0.005743
3.752012,  0.863900, 0.000000, 0.029635, 0.808902, 0.006197
4.197127,  0.880663, 0.000000, 0.029173, 0.818101, 0.006466
3.912798,  0.859524, 0.000000, 0.028791, 0.813644, 0.005896
3.940735,  0.858153, 0.000000, 0.026054, 0.826797, 0.006468
3.968099,  0.874673, 0.000000, 0.028686, 0.842625, 0.005892
3.901800,  0.858828, 0.000000, 0.028781, 0.820282, 0.006924
3.965457,  0.871648, 0.000000, 0.025961, 0.834869, 0.006120
3.886125,  0.858188, 0.000000, 0.028951, 0.842754, 0.005897
3.970358,  0.859634, 0.000000, 0.028535, 0.835311, 0.005896
3.825685,  0.860735, 0.000000, 0.025570, 0.819526, 0.005844
3.873658,  0.866271, 0.000000, 0.026396, 0.817752, 0.005905
3.931018,  0.861648, 0.000000, 0.029020, 0.819563, 0.007032
3.841921,  0.859881, 0.000000, 0.029204, 0.829559, 0.005885
3.946259,  0.855698, 0.000000, 0.029335, 0.810005, 0.006913
4.189377,  0.860529, 0.000000, 0.024638, 0.823469, 0.006652
4.029843,  0.857116, 0.000000, 0.029578, 0.821041, 0.006954
3.821719,  0.859166, 0.000000, 0.029422, 0.797525, 0.007071
3.955032,  0.856559, 0.000000, 0.029466, 0.830365, 0.007974
3.846977,  0.860552, 0.000000, 0.029366, 0.843908, 0.007886
4.029803,  0.862350, 0.000000, 0.029208, 0.827664, 0.005965
3.905482,  0.855665, 0.000000, 0.029938, 0.842840, 0.006141
4.066405,  0.856445, 0.000000, 0.030714, 0.815757, 0.006022
3.017301,  0.647685, 0.000000, 0.018335, 1.322122, 0.007934
2.729949,  0.655773, 0.000000, 0.019587, 1.347386, 0.007583
3.097203,  0.650267, 0.000000, 0.018088, 1.353257, 0.008463
2.809999,  0.654797, 0.000000, 0.018927, 1.332225, 0.008393
2.632211,  0.670281, 0.000000, 0.019482, 1.361905, 0.009235
3.421353,  0.647607, 0.000000, 0.018615, 1.339462, 0.007233
2.659260,  0.653763, 0.000000, 0.019279, 1.287542, 0.007924
2.781657,  0.650490, 0.000000, 0.019043, 1.303193, 0.007209
2.635823,  0.644568, 0.000000, 0.018189, 1.361266, 0.007644
2.603807,  0.647552, 0.000000, 0.019338, 1.310957, 0.008503
2.758683,  0.649873, 0.000000, 0.019327, 1.312403, 0.007229
2.655308,  0.657853, 0.000000, 0.018972, 1.363220, 0.007160
2.638682,  0.672740, 0.000000, 0.019998, 1.351374, 0.007364
2.597387,  0.662808, 0.000000, 0.019332, 1.288755, 0.008790
2.677792,  0.652193, 0.000000, 0.018772, 1.281122, 0.008323
2.643372,  0.665398, 0.000000, 0.019702, 1.319041, 0.007376
2.620531,  0.647938, 0.000000, 0.019695, 1.305410, 0.006744
3.347941,  0.642406, 0.000000, 0.018079, 1.352587, 0.007383
3.001165,  0.646947, 0.000000, 0.018612, 1.313409, 0.007429
2.721886,  0.654214, 0.000000, 0.019273, 1.368384, 0.007311
2.723607,  0.652795, 0.000000, 0.019792, 1.386379, 0.007515
2.600608,  0.648412, 0.000000, 0.019750, 1.296430, 0.007081
2.928214,  0.651249, 0.000000, 0.019434, 1.371783, 0.007140
2.752198,  0.670099, 0.000000, 0.019899, 1.327317, 0.008210
2.825634,  0.644999, 0.000000, 0.018489, 1.391390, 0.007451
3.126476,  0.651747, 0.000000, 0.018038, 1.289720, 0.007072
2.597969,  0.669039, 0.000000, 0.019897, 1.317415, 0.009193
2.676137,  0.664681, 0.000000, 0.018177, 1.336696, 0.008415
2.686123,  0.659584, 0.000000, 0.018892, 1.393819, 0.007296
2.621910,  0.653021, 0.000000, 0.019470, 1.355570, 0.008228
2.638816,  0.665650, 0.000000, 0.018513, 1.346310, 0.007293
2.591444,  0.667582, 0.000000, 0.019676, 1.333837, 0.008240
2.583646,  0.668351, 0.000000, 0.019585, 1.332621, 0.007417
2.612173,  0.675874, 0.000000, 0.019827, 1.323452, 0.007279
2.662110,  0.647750, 0.000000, 0.018284, 1.359187, 0.007642
3.030442,  0.643716, 0.000000, 0.017748, 1.298901, 0.006996
2.983864,  0.649558, 0.000000, 0.018809, 1.310553, 0.007204
3.615278,  0.647751, 0.000000, 0.018055, 1.361029, 0.007813
2.648426,  0.661800, 0.000000, 0.019878, 1.368603, 0.007633
2.855892,  0.649677, 0.000000, 0.019548, 1.313416, 0.007526
2.789338,  0.649200, 0.000000, 0.019040, 1.334777, 0.008730
2.626111,  0.650035, 0.000000, 0.019217, 1.319109, 0.008177
2.681221,  0.649794, 0.000000, 0.019035, 1.331282, 0.007390
2.741167,  0.666459, 0.000000, 0.019210, 1.343898, 0.007812
2.625185,  0.669123, 0.000000, 0.019757, 1.322070, 0.007398
2.858938,  0.643068, 0.000000, 0.018871, 1.345073, 0.007852
2.871972,  0.647782, 0.000000, 0.019047, 1.348716, 0.007231
2.813214,  0.656526, 0.000000, 0.019192, 1.355956, 0.009745
2.633955,  0.684314, 0.000000, 0.019528, 1.314155, 0.008577
2.588610,  0.660517, 0.000000, 0.019590, 1.292437, 0.007018
