109.812441,  103.750069, 1.041899, 4.752952, 0.000056, 0.081819, 0.082083 
108.967476,  103.013364, 0.943481, 4.750620, 0.000055, 0.076436, 0.084020 
108.790675,  102.759528, 1.050632, 4.720149, 0.000052, 0.077561, 0.083962 
108.823169,  102.921573, 0.910722, 4.727487, 0.000055, 0.077226, 0.082033 
109.326474,  103.460394, 0.887443, 4.722281, 0.000055, 0.076286, 0.082000 
108.973115,  103.075403, 0.877564, 4.762240, 0.000056, 0.075643, 0.081562 
108.800692,  102.898415, 0.951203, 4.696456, 0.000053, 0.076425, 0.081558 
109.175729,  103.261467, 0.883184, 4.771507, 0.000056, 0.077007, 0.082431 
108.823684,  102.860146, 0.956137, 4.748324, 0.000054, 0.076102, 0.082084 
108.396520,  102.591606, 0.839353, 4.711917, 0.000058, 0.076054, 0.081299 
108.728457,  102.692620, 1.036640, 4.742093, 0.000052, 0.076046, 0.081897 
109.898216,  104.053602, 0.880106, 4.707867, 0.000053, 0.076448, 0.081904 
109.351074,  103.275076, 1.043522, 4.774235, 0.000059, 0.077253, 0.082549 
109.156146,  103.257379, 0.886837, 4.753635, 0.000056, 0.077378, 0.082085 
108.905033,  103.010376, 0.882609, 4.753728, 0.000056, 0.075827, 0.081697 
108.995775,  103.021689, 0.890824, 4.820548, 0.000058, 0.077818, 0.082878 
109.318379,  103.230029, 1.038806, 4.792131, 0.000061, 0.076463, 0.083199 
108.817372,  102.830281, 1.047067, 4.683804, 0.000053, 0.076098, 0.081764 
109.466592,  103.416968, 1.031155, 4.764151, 0.000074, 0.076129, 0.081991 
109.114902,  103.149150, 0.937751, 4.771214, 0.000056, 0.075880, 0.082331 
109.506307,  103.604311, 0.886582, 4.758798, 0.000059, 0.076193, 0.082092 
110.144505,  104.241006, 0.887046, 4.746121, 0.000060, 0.082975, 0.082239 
109.306443,  103.359202, 0.897963, 4.787460, 0.000056, 0.077715, 0.084358 
109.180736,  103.287964, 0.877984, 4.756170, 0.000056, 0.076287, 0.082703 
109.489082,  103.594543, 0.876476, 4.759782, 0.000059, 0.076822, 0.083960 
108.962751,  102.997372, 0.944661, 4.761690, 0.000058, 0.077147, 0.082264 
109.029263,  103.121660, 0.881909, 4.767035, 0.000056, 0.076472, 0.082969 
109.032971,  103.135759, 0.883630, 4.755418, 0.000055, 0.076403, 0.081684 
109.602730,  103.718410, 0.878757, 4.748349, 0.000054, 0.076736, 0.082203 
109.006762,  103.089597, 0.857407, 4.801018, 0.000057, 0.076438, 0.082227 
109.336732,  103.497707, 0.845280, 4.738417, 0.000059, 0.076779, 0.082139 
109.431636,  103.531854, 0.859777, 4.784450, 0.000074, 0.076179, 0.081767 
109.150385,  103.251196, 0.878976, 4.761186, 0.000062, 0.076554, 0.082382 
109.291458,  103.445835, 0.824450, 4.763952, 0.000055, 0.076646, 0.082439 
109.257696,  103.190537, 1.043134, 4.766828, 0.000056, 0.075878, 0.082180 
109.923267,  104.021128, 0.891988, 4.738253, 0.000059, 0.083480, 0.082884 
109.611981,  103.738595, 0.878746, 4.738757, 0.000055, 0.076595, 0.082293 
109.246591,  103.362789, 0.882903, 4.743325, 0.000058, 0.076203, 0.081470 
109.532758,  103.605306, 0.944433, 4.727739, 0.000055, 0.076417, 0.081630 
109.367150,  103.326588, 1.043430, 4.741132, 0.000056, 0.076301, 0.082060 
109.142218,  103.243521, 0.884766, 4.756024, 0.000056, 0.076901, 0.081373 
109.149023,  103.242251, 0.880386, 4.767226, 0.000056, 0.076550, 0.082263 
110.940725,  104.852387, 1.038653, 4.781019, 0.000055, 0.082714, 0.081932 
109.494661,  103.601805, 0.878108, 4.758533, 0.000059, 0.076046, 0.081847 
109.560276,  103.673225, 0.882560, 4.746891, 0.000060, 0.077338, 0.082390 
109.324283,  103.298757, 1.030765, 4.737094, 0.000058, 0.075976, 0.082786 
109.508119,  103.605258, 0.887375, 4.759027, 0.000060, 0.076710, 0.082215 
109.801289,  103.909586, 0.888894, 4.732019, 0.000054, 0.082633, 0.082480 
109.233427,  103.341783, 0.879304, 4.754354, 0.000060, 0.077231, 0.081803 
109.988461,  104.076376, 0.881512, 4.760461, 0.000054, 0.083351, 0.082148 
48.097372,  43.573773, 0.922950, 2.008205, 1.057816, 1.609665, 0.133095 
47.707544,  43.259062, 0.856872, 1.972466, 1.072015, 1.541948, 0.137217 
48.367218,  43.749403, 1.027263, 1.986162, 1.057518, 1.764486, 0.125351 
48.267798,  43.775363, 0.875774, 1.984860, 1.067613, 1.710426, 0.131030 
48.202924,  43.749583, 0.874188, 1.977048, 1.070357, 1.711262, 0.144275 
48.250178,  43.756930, 0.891188, 1.975057, 1.081169, 1.488798, 0.125785 
50.746185,  46.237753, 0.866582, 2.049426, 1.067992, 3.809238, 0.220733 
48.245833,  43.770087, 0.869604, 1.983239, 1.077976, 1.625372, 0.129767 
47.912521,  43.327125, 1.044672, 1.963294, 1.043549, 1.806375, 0.124704 
47.125015,  42.651775, 0.943469, 1.928474, 1.049483, 1.732589, 0.124796 
47.193006,  42.644385, 1.034000, 1.927480, 1.051531, 1.853131, 0.122406 
50.116575,  45.544628, 0.884028, 2.052715, 1.079258, 3.198981, 0.221043 
47.014518,  42.603502, 0.876742, 1.949281, 1.062012, 1.630404, 0.152696 
47.248768,  42.668612, 1.035987, 1.968691, 1.041200, 1.816164, 0.134779 
47.193644,  42.772551, 0.887714, 1.939181, 1.052213, 1.702947, 0.123902 
47.145057,  42.640379, 0.956647, 1.922408, 1.068000, 1.616274, 0.122065 
47.323807,  42.938983, 0.858481, 1.919534, 1.063066, 1.652764, 0.131346 
48.308203,  43.781602, 0.881102, 1.986585, 1.085800, 1.506911, 0.131264 
48.333886,  43.841707, 0.896963, 1.991647, 1.060943, 1.579457, 0.136427 
48.572057,  43.873893, 1.097717, 1.990086, 1.057932, 1.969954, 0.145483 
47.900801,  43.412181, 0.906413, 1.964335, 1.071686, 1.652669, 0.127871 
47.875772,  43.382862, 0.874989, 1.954603, 1.104318, 1.520314, 0.129774 
48.115225,  43.638703, 0.880371, 1.980898, 1.084000, 1.545944, 0.117549 
48.154970,  43.670724, 0.897942, 1.986823, 1.063241, 1.593591, 0.149200 
48.057747,  43.564043, 0.900865, 1.984223, 1.071599, 1.572550, 0.134185 
47.596096,  43.203258, 0.871667, 1.940998, 1.045709, 1.615313, 0.125890 
48.273950,  43.775249, 0.853322, 1.976024, 1.109341, 1.575923, 0.130217 
48.149344,  43.653942, 0.887069, 1.988029, 1.068348, 1.666986, 0.128446 
47.816186,  43.345052, 0.872852, 1.967718, 1.100057, 1.532324, 0.128076 
47.923984,  43.305417, 1.030938, 1.970905, 1.061172, 1.713527, 0.128908 
48.176748,  43.562380, 1.051117, 1.978664, 1.044539, 1.738334, 0.126953 
47.117674,  42.719689, 0.857796, 1.937950, 1.044729, 1.557387, 0.128054 
47.173988,  42.831129, 0.858161, 1.927398, 1.030772, 1.627299, 0.134032 
48.183869,  43.701155, 0.875608, 1.977645, 1.093731, 1.544716, 0.142730 
48.320359,  43.806782, 0.890599, 1.986067, 1.071706, 1.575837, 0.133708 
47.819617,  43.378046, 0.873335, 1.963484, 1.063047, 1.576598, 0.128550 
48.139342,  43.514872, 1.029931, 1.996125, 1.058223, 1.715373, 0.122459 
47.991756,  43.453918, 0.960827, 1.986672, 1.058102, 1.628601, 0.133416 
47.906780,  43.459263, 0.860545, 1.954261, 1.098868, 1.552156, 0.115349 
47.767735,  43.297748, 0.879307, 1.960693, 1.079678, 1.467358, 0.130062 
47.592820,  43.183732, 0.860930, 1.954415, 1.045877, 1.536240, 0.129135 
47.342776,  42.963131, 0.850183, 1.930588, 1.048560, 1.546658, 0.121357 
48.168266,  43.675094, 0.887458, 1.988302, 1.078989, 1.572548, 0.125865 
48.268110,  43.772337, 0.884767, 1.978883, 1.074181, 1.482819, 0.125902 
53.381030,  48.740241, 0.905722, 2.112651, 1.064390, 5.928655, 0.288929 
48.149888,  43.536448, 1.029590, 1.990853, 1.055691, 1.730402, 0.130640 
48.267923,  43.783832, 0.879533, 1.990494, 1.091869, 1.489824, 0.124083 
47.550327,  43.109316, 0.882285, 1.951973, 1.060757, 1.552160, 0.129848 
48.226873,  43.662936, 0.948436, 2.017960, 1.064505, 1.763155, 0.169284 
48.300643,  43.788078, 0.883635, 2.011347, 1.062482, 1.655199, 0.142701 
29.076938,  23.158375, 1.042862, 1.035327, 2.075577, 2.866315, 0.151453 
28.985381,  23.049586, 1.018513, 1.017231, 2.075914, 2.751918, 0.132803 
28.770548,  22.965135, 0.922544, 1.013480, 2.065658, 2.724308, 0.135450 
29.089450,  23.069481, 1.095874, 1.019048, 2.090577, 2.797410, 0.134476 
29.013979,  23.084195, 1.049618, 1.017354, 2.112969, 2.712326, 0.133813 
28.717645,  22.930591, 0.922512, 1.011998, 2.062008, 2.630117, 0.134403 
29.085298,  23.164361, 1.011748, 1.037160, 2.157244, 2.784124, 0.156883 
29.446679,  23.475756, 1.085356, 1.025657, 2.096654, 3.052616, 0.147072 
29.094570,  23.165263, 1.072371, 1.020175, 2.095849, 2.781850, 0.135604 
28.879058,  22.972309, 1.090878, 1.026243, 2.072985, 2.793821, 0.139772 
29.182489,  23.328373, 1.024024, 1.017518, 2.073759, 2.981860, 0.137344 
29.034235,  23.094989, 1.084488, 1.019919, 2.086894, 2.796093, 0.134251 
28.956194,  23.056140, 1.046208, 1.019376, 2.079240, 2.740307, 0.134193 
29.381518,  23.408735, 1.070125, 1.020145, 2.082138, 3.016983, 0.138011 
28.951591,  23.038426, 1.027068, 1.026215, 2.068204, 2.720772, 0.141034 
29.027258,  23.119515, 1.026230, 1.016275, 2.076910, 2.847631, 0.135143 
29.088297,  23.060985, 1.092200, 1.015647, 2.127829, 2.777613, 0.134313 
29.009060,  23.093712, 1.086285, 1.018414, 2.074140, 2.828940, 0.134144 
29.326864,  23.371760, 1.079854, 1.017144, 2.087951, 3.067398, 0.129778 
29.023656,  23.072088, 1.088826, 1.018378, 2.096673, 2.794292, 0.135882 
28.927471,  23.016210, 1.036461, 1.011229, 2.076337, 2.778427, 0.132261 
28.892523,  23.001874, 1.087406, 1.022157, 2.036482, 2.778521, 0.140864 
29.065111,  23.041202, 1.130463, 1.015806, 2.074297, 2.831207, 0.132704 
29.088379,  23.098761, 1.036226, 1.016806, 2.154705, 2.941127, 0.133358 
28.910664,  22.979382, 1.096843, 1.010977, 2.058290, 2.847164, 0.131913 
28.843987,  22.925799, 1.034003, 1.010533, 2.080450, 2.764378, 0.133441 
29.165420,  23.139458, 1.097972, 1.020633, 2.084975, 2.870578, 0.134518 
28.978746,  23.024051, 1.088502, 1.017446, 2.070819, 2.854835, 0.134725 
28.955646,  22.984644, 1.112423, 1.014603, 2.060010, 2.924260, 0.132487 
28.820586,  22.864154, 1.078969, 1.012524, 2.080130, 2.792530, 0.132710 
29.116374,  23.062198, 1.164097, 1.018629, 2.107496, 2.882252, 0.134901 
29.003702,  23.144101, 1.032704, 1.021670, 2.093604, 2.801612, 0.135779 
29.112052,  23.112992, 1.094097, 1.022482, 2.111587, 2.816641, 0.138128 
29.313716,  23.656213, 1.037793, 1.027671, 2.041489, 3.273388, 0.150592 
28.998225,  23.048251, 1.059588, 1.013644, 2.083693, 2.775233, 0.133526 
29.129722,  23.128226, 1.100797, 1.021227, 2.113911, 2.801205, 0.132668 
29.010385,  23.111530, 1.086890, 1.020221, 2.079753, 2.753227, 0.136588 
29.020630,  23.034156, 1.085733, 1.016739, 2.092881, 2.801771, 0.135985 
29.173137,  23.165955, 1.105703, 1.019622, 2.075247, 2.861255, 0.132464 
28.864070,  22.975665, 1.018132, 1.018463, 2.076761, 2.741052, 0.133425 
29.229200,  23.528317, 1.090521, 1.031644, 2.065057, 3.003107, 0.147707 
29.232483,  23.431137, 1.017818, 1.016815, 2.093901, 2.852936, 0.130571 
29.052612,  23.096002, 1.043653, 1.023974, 2.089291, 2.767982, 0.133595 
29.037276,  23.103122, 1.110840, 1.022697, 2.068207, 2.802230, 0.136627 
29.033710,  23.063877, 1.092313, 1.013140, 2.083022, 2.878885, 0.136427 
29.077074,  23.148099, 1.099910, 1.015383, 2.089003, 2.876197, 0.134853 
28.768911,  23.005140, 0.930651, 1.015733, 2.050883, 2.613838, 0.135107 
28.997333,  23.080887, 1.091229, 1.021043, 2.079627, 2.810493, 0.134614 
28.941257,  23.008632, 1.087732, 1.013444, 2.077356, 2.743371, 0.129218 
28.872841,  22.952053, 1.041437, 1.014074, 2.068815, 2.795823, 0.135551 
20.571430,  12.804154, 1.144818, 0.723883, 3.842586, 3.694559, 0.435629 
20.434075,  12.855723, 0.970074, 0.735394, 3.818875, 3.567990, 0.436652 
20.358580,  12.799216, 1.050194, 0.730688, 3.710874, 3.680553, 0.438610 
20.613100,  12.801399, 1.076781, 0.736557, 3.801052, 3.662827, 0.442500 
20.433403,  12.839752, 1.020560, 0.731716, 3.665222, 3.685355, 0.438520 
20.452385,  13.036776, 1.070965, 0.731101, 3.740896, 3.744332, 0.436356 
20.375566,  12.999863, 0.951613, 0.732217, 3.823706, 3.532914, 0.436197 
20.522009,  12.922047, 1.073620, 0.733517, 3.664312, 3.667893, 0.435068 
20.205964,  12.808377, 0.929918, 0.727381, 3.680211, 3.537817, 0.437265 
20.559338,  12.844432, 0.930171, 0.733545, 3.936187, 3.607970, 0.434414 
20.300025,  12.791313, 0.931192, 0.733439, 3.731549, 3.484431, 0.431031 
20.441932,  12.836984, 1.074073, 0.737456, 3.651372, 3.497080, 0.442993 
20.286970,  12.829616, 1.008260, 0.736844, 3.671983, 3.476917, 0.430845 
20.484358,  12.809712, 1.013047, 0.729237, 3.808371, 3.482738, 0.434812 
20.471846,  12.806102, 1.064063, 0.733523, 3.783561, 3.713742, 0.444700 
20.633096,  12.807175, 1.110249, 0.740214, 3.873637, 3.732391, 0.444669 
20.733832,  12.791247, 1.074879, 0.734062, 3.966575, 3.779348, 0.437711 
20.411363,  12.761126, 0.997391, 0.729834, 3.837806, 3.495621, 0.434746 
20.427169,  12.836196, 1.039315, 0.732471, 3.696940, 3.211220, 0.438818 
20.392181,  12.822502, 1.073444, 0.738335, 3.741937, 3.655152, 0.441509 
20.629029,  12.851235, 0.930522, 0.734306, 3.861465, 3.764339, 0.436240 
20.504127,  12.861416, 1.051136, 0.730427, 3.769228, 3.643548, 0.435366 
20.783967,  12.947150, 1.145875, 0.727251, 3.843733, 4.026273, 0.437115 
20.336704,  12.836693, 0.931353, 0.734732, 3.710782, 3.127436, 0.427686 
20.449716,  12.825465, 1.012463, 0.733402, 3.792617, 3.583325, 0.434389 
20.441640,  12.818096, 0.931724, 0.728953, 3.933319, 3.474357, 0.433478 
20.523117,  12.816015, 1.072306, 0.732522, 3.840455, 3.371802, 0.437282 
20.553674,  12.799377, 1.089639, 0.736325, 3.786153, 3.890866, 0.438518 
20.589477,  12.959846, 1.074469, 0.724901, 3.709616, 3.629511, 0.438547 
20.402799,  12.833313, 1.050084, 0.735082, 3.712761, 3.607342, 0.448155 
19.981987,  12.876754, 0.929674, 0.732316, 3.428308, 3.150467, 0.432449 
20.368676,  12.769604, 1.013104, 0.728788, 3.790976, 3.266664, 0.433092 
20.553713,  12.854266, 1.043506, 0.734203, 3.798004, 3.624273, 0.438816 
20.386439,  12.837851, 1.017838, 0.733674, 3.804359, 3.666272, 0.436674 
20.639176,  12.884679, 1.068964, 0.727566, 3.855863, 3.852503, 0.444489 
20.582116,  12.813950, 1.060798, 0.730610, 3.915221, 3.706089, 0.436038 
20.605964,  12.804718, 1.031876, 0.732733, 3.932070, 3.751422, 0.435439 
20.611844,  12.847132, 1.076546, 0.727785, 3.808295, 3.763011, 0.436621 
20.583895,  13.173386, 0.930951, 0.729610, 3.853210, 3.795701, 0.433317 
20.685167,  12.867568, 1.069333, 0.730325, 3.886431, 3.565242, 0.440625 
20.478403,  12.832341, 1.065666, 0.731535, 3.798189, 3.563037, 0.438590 
20.533620,  12.828251, 1.102476, 0.733823, 3.805009, 3.737614, 0.444632 
20.654949,  12.803772, 1.077775, 0.734012, 3.979887, 3.837049, 0.437900 
20.547263,  12.827554, 1.072351, 0.736104, 3.888470, 3.578869, 0.448228 
20.589765,  12.791108, 1.088761, 0.732852, 3.787416, 3.622175, 0.438845 
20.427800,  12.835075, 1.079663, 0.730190, 3.773912, 3.459697, 0.439750 
20.088472,  12.841623, 1.049611, 0.737344, 3.433657, 3.482569, 0.443084 
20.589483,  13.156003, 1.015968, 0.729437, 3.629928, 3.730967, 0.430842 
20.432993,  12.777065, 0.930316, 0.733894, 3.847205, 3.629493, 0.440670 
20.623411,  12.836814, 1.083518, 0.733389, 3.799073, 3.702199, 0.438662 
15.949672,  7.330674, 0.936927, 0.402784, 4.900539, 4.740986, 0.470321 
15.986454,  7.426063, 0.991452, 0.402803, 4.783609, 4.722475, 0.467071 
16.218188,  7.328372, 1.070457, 0.400940, 4.964799, 4.924794, 0.459779 
15.625115,  7.392758, 0.932680, 0.403213, 4.479134, 4.463317, 0.463949 
16.448897,  7.844306, 0.989420, 0.399312, 4.850031, 5.172302, 0.465306 
15.905649,  7.340865, 1.078576, 0.422552, 4.686911, 4.719652, 0.482599 
15.975870,  7.300330, 0.938386, 0.402548, 4.951646, 4.807997, 0.466154 
16.001243,  7.399245, 0.931849, 0.400872, 4.901897, 4.831452, 0.466465 
16.134806,  7.327642, 0.932846, 0.401626, 4.907812, 4.863415, 0.464555 
16.157310,  7.347571, 1.096074, 0.401604, 4.921628, 4.969596, 0.462034 
15.792554,  7.345354, 0.931972, 0.401929, 4.645585, 4.627427, 0.463797 
16.107006,  7.353707, 0.930920, 0.401966, 4.996447, 4.992099, 0.464509 
15.982391,  7.374788, 0.933327, 0.400751, 4.820249, 4.728915, 0.461064 
15.563878,  7.340757, 0.933995, 0.399481, 4.516859, 4.386312, 0.462660 
15.664357,  7.354646, 1.037139, 0.401547, 4.414676, 4.477806, 0.463811 
15.885597,  7.398930, 0.934053, 0.402418, 4.603820, 4.489256, 0.465962 
15.868559,  7.412265, 0.976522, 0.399217, 4.662853, 4.706251, 0.465914 
16.303883,  7.301618, 0.993534, 0.406890, 5.065063, 5.042125, 0.467852 
15.943018,  7.376480, 1.000836, 0.400203, 4.778742, 4.798524, 0.466949 
16.390348,  7.386313, 1.005986, 0.402839, 5.174638, 5.207905, 0.474661 
16.177106,  7.280484, 0.947531, 0.401476, 5.272457, 5.009964, 0.467368 
16.085364,  7.420369, 0.997350, 0.402221, 4.938375, 4.847856, 0.464937 
15.741406,  7.332985, 0.933455, 0.398791, 4.504506, 4.487398, 0.460226 
16.277058,  7.711029, 0.933445, 0.399701, 4.796367, 5.083682, 0.462215 
15.667729,  7.390807, 1.039821, 0.399456, 4.377096, 4.426118, 0.464560 
16.069751,  7.515093, 0.930995, 0.396574, 5.013697, 4.929928, 0.465683 
16.183934,  7.392543, 0.935976, 0.399727, 4.918761, 5.021058, 0.464422 
15.820387,  7.394212, 1.008310, 0.403942, 4.635280, 4.636714, 0.469817 
16.008302,  7.325575, 0.932172, 0.403204, 4.897579, 4.727520, 0.470244 
15.946823,  7.357763, 0.931543, 0.400586, 4.809981, 4.672402, 0.466622 
15.953228,  7.391317, 0.941188, 0.399102, 4.821995, 4.824626, 0.463934 
16.416239,  7.380285, 1.033605, 0.401344, 5.124268, 5.135798, 0.462972 
15.895715,  7.312306, 0.933735, 0.398421, 4.865990, 4.698672, 0.462514 
15.669958,  7.374179, 0.932116, 0.398279, 4.455950, 4.452113, 0.463327 
15.579790,  7.348841, 0.932965, 0.401629, 4.473585, 4.398991, 0.466525 
15.800483,  7.399955, 0.932082, 0.401089, 4.720361, 4.646486, 0.467036 
15.751985,  7.424279, 0.935514, 0.405153, 4.525977, 4.583987, 0.468713 
15.664762,  7.371521, 0.936172, 0.404733, 4.447897, 4.519791, 0.470372 
16.228173,  7.350705, 1.002159, 0.402010, 5.035466, 4.977787, 0.464831 
16.134666,  7.740926, 0.951337, 0.420239, 4.669081, 4.953365, 0.482159 
15.785397,  7.404528, 0.938034, 0.401902, 4.564949, 4.599466, 0.465862 
15.751438,  7.397104, 1.008634, 0.402466, 4.526709, 4.538637, 0.466371 
15.737285,  7.330843, 0.932419, 0.402931, 4.724786, 4.611116, 0.465209 
16.047332,  7.319175, 0.941215, 0.401370, 5.025748, 4.868261, 0.463377 
15.785849,  7.342929, 1.062308, 0.400786, 4.592701, 4.664332, 0.461902 
16.335546,  7.337887, 0.930289, 0.402373, 5.240310, 5.013111, 0.464367 
15.612847,  7.407320, 0.931713, 0.400978, 4.476945, 4.473168, 0.467436 
16.192880,  7.316812, 0.931094, 0.401580, 5.069720, 4.920888, 0.462930 
15.669964,  7.567442, 0.931416, 0.397148, 4.482643, 4.487648, 0.465878 
15.613991,  7.429785, 0.934498, 0.399775, 4.430913, 4.424622, 0.465795 
12.608990,  4.084271, 0.990903, 0.189180, 4.856347, 3.870866, 0.424518 
12.675107,  4.017222, 1.033907, 0.194660, 4.825663, 3.876015, 0.430263 
12.672127,  4.032123, 1.020068, 0.188757, 4.852381, 3.852731, 0.432857 
12.723248,  4.079106, 1.054695, 0.190488, 4.841831, 3.844587, 0.420390 
12.720916,  4.042976, 1.009505, 0.191818, 4.855528, 3.899004, 0.421580 
12.639707,  4.078524, 0.933177, 0.192790, 4.830906, 3.802763, 0.430291 
12.635633,  4.030960, 0.988406, 0.189556, 4.830273, 3.813816, 0.422784 
12.677109,  4.176816, 0.991729, 0.188725, 4.871736, 3.826068, 0.420535 
12.727406,  4.051379, 0.932372, 0.191944, 4.858531, 3.821090, 0.425564 
12.745084,  4.091606, 1.028592, 0.189823, 4.873294, 3.898110, 0.421674 
12.589154,  4.055681, 1.008361, 0.189768, 4.818787, 3.828450, 0.423069 
12.729801,  4.023647, 0.941495, 0.191447, 4.822305, 3.790117, 0.426375 
12.613774,  4.050634, 0.966620, 0.190113, 4.847874, 3.776070, 0.420253 
12.589237,  4.019766, 0.987030, 0.192390, 4.815721, 3.851339, 0.424895 
12.685421,  4.052460, 0.989280, 0.190581, 4.843291, 3.897994, 0.431473 
12.707489,  4.021302, 1.012335, 0.193891, 4.850501, 3.831881, 0.425017 
12.704509,  4.011613, 1.008273, 0.191423, 4.845461, 3.797649, 0.428776 
12.645346,  4.036517, 0.987202, 0.189196, 4.862497, 3.772001, 0.430279 
12.637382,  4.056166, 0.984612, 0.189018, 4.845307, 3.849649, 0.421668 
12.618319,  4.131403, 0.991525, 0.193162, 4.834255, 3.804517, 0.428698 
12.869129,  4.400223, 1.015179, 0.189801, 4.824301, 4.021834, 0.419397 
12.725874,  4.061139, 1.023009, 0.191654, 4.875421, 3.846943, 0.421797 
12.655971,  4.029123, 0.996818, 0.188659, 4.841443, 3.861249, 0.427959 
12.742734,  4.031373, 1.012380, 0.189572, 4.859088, 3.873632, 0.426968 
12.606144,  4.048948, 0.930367, 0.190742, 4.829173, 3.730648, 0.436744 
12.678616,  4.025038, 1.005958, 0.192729, 4.885839, 3.880786, 0.427077 
12.689915,  4.009820, 1.000332, 0.192433, 4.843192, 3.866165, 0.432213 
12.665995,  4.158355, 0.931840, 0.189171, 4.858643, 3.827375, 0.424132 
12.603783,  4.032975, 1.011137, 0.190479, 4.846260, 3.807940, 0.429044 
12.463543,  4.024062, 0.931698, 0.190295, 4.781169, 3.790355, 0.431281 
12.731525,  4.042371, 1.085437, 0.187458, 4.859468, 3.950374, 0.424235 
12.587679,  4.026429, 0.930389, 0.188061, 4.865915, 3.825153, 0.423037 
12.612093,  4.051409, 0.936894, 0.192157, 4.853472, 3.806152, 0.437479 
12.702305,  4.035368, 1.057383, 0.189379, 4.846629, 3.902156, 0.422478 
12.655631,  4.023570, 1.013486, 0.189597, 4.851375, 3.866914, 0.433986 
12.718038,  4.084979, 1.025617, 0.193230, 4.818341, 3.882485, 0.426316 
12.625033,  4.080458, 0.969162, 0.188025, 4.899942, 3.824493, 0.436710 
12.817413,  4.124155, 0.986481, 0.189519, 4.869451, 3.934532, 0.419965 
12.820467,  4.337934, 1.003044, 0.188729, 4.817436, 4.091781, 0.420806 
12.586297,  4.050998, 0.995249, 0.190644, 4.854043, 3.792158, 0.418469 
12.718101,  4.043040, 1.066423, 0.191964, 4.835679, 3.889276, 0.424193 
12.685215,  4.069692, 1.020282, 0.193044, 4.873677, 3.882414, 0.430113 
12.705787,  4.017462, 0.978192, 0.187179, 4.837359, 3.746210, 0.426403 
12.707463,  4.131144, 0.993665, 0.190710, 4.864788, 3.869448, 0.429266 
12.737722,  4.028651, 0.946672, 0.189958, 4.852494, 3.848370, 0.435869 
12.691594,  4.126508, 1.030453, 0.189672, 4.853724, 3.881690, 0.428923 
12.722097,  4.114365, 1.011740, 0.189264, 4.798819, 3.912530, 0.433388 
12.773175,  4.055616, 1.022301, 0.190086, 4.857434, 3.878662, 0.433856 
12.824525,  4.080544, 0.931240, 0.190433, 4.887132, 3.871333, 0.420891 
12.689393,  4.227112, 1.064439, 0.190404, 4.832290, 3.901637, 0.428926 
12.451181,  3.184152, 1.007532, 0.121340, 5.422784, 3.711572, 0.429383 
12.428161,  3.185789, 1.002711, 0.121478, 5.403657, 3.688859, 0.426034 
12.561972,  3.127539, 1.062870, 0.120202, 5.355656, 3.849760, 0.428863 
12.455067,  3.116499, 0.964206, 0.121647, 5.444713, 3.745600, 0.425019 
12.410142,  3.243071, 0.991869, 0.121080, 5.460037, 3.709247, 0.432563 
12.358441,  3.157708, 0.937305, 0.123084, 5.401287, 3.584693, 0.422516 
12.501199,  3.136394, 0.998518, 0.120314, 5.475488, 3.718466, 0.433757 
12.551045,  3.125408, 1.016761, 0.121500, 5.389307, 3.859425, 0.423393 
12.549115,  3.280689, 1.025709, 0.120858, 5.426880, 3.854684, 0.425835 
12.178718,  3.127705, 0.930515, 0.121050, 5.384848, 3.497678, 0.417714 
12.438510,  3.201228, 1.086373, 0.120358, 5.469597, 3.793921, 0.428756 
12.494133,  3.122039, 1.058993, 0.120532, 5.477226, 3.716749, 0.425972 
12.312991,  3.116091, 1.011543, 0.122456, 5.307894, 3.604255, 0.427251 
12.249342,  3.130039, 0.933288, 0.119849, 5.345530, 3.584595, 0.410589 
12.413231,  3.265108, 0.998689, 0.121097, 5.375501, 3.701630, 0.420131 
12.380190,  3.222385, 0.938257, 0.122329, 5.416435, 3.787288, 0.425731 
12.560340,  3.127154, 1.070675, 0.122173, 5.365135, 3.853037, 0.428796 
12.428846,  3.172137, 1.000163, 0.121238, 5.398245, 3.804202, 0.432346 
12.415228,  3.223508, 1.020136, 0.121781, 5.376636, 3.750163, 0.428509 
12.485974,  3.108008, 1.040499, 0.120098, 5.435517, 3.772233, 0.421823 
12.489377,  3.181403, 1.068423, 0.121253, 5.378126, 3.657266, 0.417934 
12.436837,  3.115392, 0.988101, 0.122456, 5.496020, 3.572632, 0.431157 
12.434719,  3.253252, 0.975522, 0.120750, 5.395380, 3.742449, 0.429890 
12.781100,  3.171725, 1.128447, 0.120933, 5.399715, 3.826641, 0.433324 
12.350200,  3.133486, 0.990416, 0.121421, 5.355364, 3.603462, 0.428803 
12.420921,  3.272288, 1.006289, 0.124326, 5.422240, 3.589596, 0.436498 
12.609771,  3.553394, 1.022426, 0.120224, 5.441069, 3.942673, 0.435393 
12.587515,  3.139532, 1.113926, 0.121767, 5.384607, 3.837573, 0.421905 
12.480987,  3.340668, 0.931474, 0.120244, 5.450707, 3.837621, 0.417006 
12.255544,  3.115527, 0.931334, 0.120393, 5.405938, 3.695750, 0.431956 
12.392514,  3.129891, 0.930576, 0.120853, 5.404327, 3.636148, 0.430402 
12.310166,  3.121719, 0.940903, 0.119711, 5.422259, 3.643543, 0.428183 
12.397379,  3.117722, 0.930474, 0.120423, 5.479329, 3.727970, 0.432640 
12.303807,  3.164291, 0.985967, 0.121081, 5.396909, 3.526836, 0.427158 
12.565233,  3.128128, 0.983606, 0.120764, 5.430696, 3.835052, 0.431440 
12.667344,  3.235371, 0.998541, 0.121318, 5.378315, 3.893671, 0.433312 
12.371484,  3.131913, 0.932257, 0.121373, 5.438493, 3.747365, 0.433308 
12.375237,  3.221944, 1.004970, 0.121672, 5.397758, 3.754101, 0.426565 
12.265958,  3.168125, 0.931207, 0.121863, 5.374379, 3.782977, 0.422077 
12.351154,  3.139107, 0.985923, 0.122468, 5.394465, 3.685777, 0.429862 
12.437634,  3.257807, 0.930732, 0.120681, 5.382675, 3.547078, 0.423296 
12.414153,  3.246723, 0.956451, 0.120634, 5.380059, 3.710666, 0.417571 
12.452227,  3.352883, 1.008860, 0.120775, 5.364553, 3.799430, 0.428317 
12.389103,  3.118303, 0.931559, 0.120755, 5.424938, 3.646502, 0.430002 
12.548785,  3.169835, 0.937491, 0.120728, 5.427584, 3.799241, 0.430428 
12.324989,  3.302920, 0.930989, 0.119032, 5.358847, 3.592993, 0.427578 
12.378017,  3.149945, 1.017195, 0.121432, 5.380842, 3.837803, 0.426543 
12.436612,  3.194096, 1.064794, 0.120317, 5.443459, 3.837487, 0.428943 
12.422353,  3.146639, 0.931072, 0.120846, 5.490317, 3.835662, 0.433184 
12.403590,  3.118167, 1.019280, 0.120065, 5.367848, 3.770490, 0.430924 
