12.945471,3.032397,0.000000,0.117944,6.634590,0.028034
12.984670,3.028273,0.000000,0.117511,6.570649,0.027835
12.983592,3.028461,0.000000,0.117977,6.577379,0.023181
13.069305,2.993634,0.000000,0.117954,6.763003,0.022773
13.105055,3.057805,0.000000,0.118411,6.498203,0.027349
13.192232,3.039978,0.000000,0.117318,6.505297,0.022373
12.891801,2.980519,0.000000,0.116167,6.737546,0.024031
13.100502,2.997280,0.000000,0.114249,6.745970,0.024936
13.093377,3.095771,0.000000,0.118118,6.522332,0.022609
13.269649,3.035008,0.000000,0.117579,6.873801,0.021684
13.684881,3.007105,0.000000,0.117310,7.007822,0.023245
13.422906,3.039940,0.000000,0.114728,7.000678,0.023564
12.910162,3.044796,0.000000,0.115849,6.578218,0.027388
12.909676,3.038118,0.000000,0.114262,6.554400,0.026099
14.010456,3.014898,0.000000,0.109127,6.965856,0.030974
13.137140,3.017855,0.000000,0.116325,6.848398,0.023654
12.949040,3.002342,0.000000,0.114766,6.300594,0.023497
13.083602,2.985963,0.000000,0.117010,6.647053,0.023081
13.147206,3.019890,0.000000,0.114942,6.476574,0.023667
13.176222,3.049649,0.000000,0.113591,6.794091,0.022256
13.418361,2.990341,0.000000,0.117527,6.540948,0.023168
13.337238,2.987355,0.000000,0.117565,6.568847,0.023491
12.939424,2.981955,0.000000,0.114808,6.573534,0.023523
13.064116,3.020681,0.000000,0.116825,6.696073,0.021611
13.075502,2.988022,0.000000,0.117291,6.529089,0.026825
12.992366,3.027930,0.000000,0.117930,6.568972,0.022615
13.148945,3.073180,0.000000,0.117907,6.467690,0.030122
12.907629,3.012335,0.000000,0.115854,6.459801,0.022831
13.295763,3.001724,0.000000,0.115665,6.812068,0.022382
12.957093,3.014901,0.000000,0.117605,6.548751,0.022390
12.993058,3.012856,0.000000,0.114297,6.452053,0.025489
13.096179,3.006601,0.000000,0.114645,6.648638,0.024053
12.902375,2.986864,0.000000,0.117469,6.584196,0.032478
12.990899,3.021328,0.000000,0.116071,6.718376,0.022608
12.930827,3.002452,0.000000,0.116281,6.615792,0.025568
13.055868,3.021653,0.000000,0.115871,6.638248,0.028117
13.029063,3.042031,0.000000,0.116441,6.735211,0.031984
13.034682,3.005347,0.000000,0.117171,6.628268,0.022468
13.339508,3.029804,0.000000,0.114963,6.696201,0.022021
13.392043,3.007236,0.000000,0.116036,6.690156,0.021456
13.101980,3.022142,0.000000,0.117471,6.817549,0.022585
13.253485,2.991882,0.000000,0.114801,6.878539,0.028649
13.000318,3.011095,0.000000,0.117745,6.588136,0.027563
13.164992,3.014762,0.000000,0.114318,6.747390,0.022979
13.136177,3.012504,0.000000,0.114898,6.694340,0.022774
12.998799,3.038337,0.000000,0.116938,6.550322,0.024365
13.397186,3.006948,0.000000,0.115299,6.441549,0.023993
12.979006,3.002063,0.000000,0.118070,6.543575,0.026290
13.229836,3.036838,0.000000,0.117103,6.584193,0.023307
13.243012,3.155088,0.000000,0.117528,6.765589,0.022491
15.005357,4.096707,0.000000,0.139964,7.608421,0.028883
14.686166,4.080755,0.000000,0.141582,7.102608,0.023992
15.253881,4.100304,0.000000,0.131859,7.528292,0.027227
14.700583,4.088081,0.000000,0.141492,7.339772,0.028050
14.448024,4.073436,0.000000,0.137233,6.996041,0.023660
15.258482,4.075875,0.000000,0.134481,7.630135,0.028539
15.415217,4.080413,0.000000,0.138266,6.953072,0.022603
14.519105,4.121366,0.000000,0.134918,6.930264,0.029436
14.992438,4.075750,0.000000,0.138190,7.065527,0.023245
14.747874,4.099114,0.000000,0.138237,7.190844,0.031392
14.644298,4.081937,0.000000,0.144226,7.269385,0.022643
14.847702,4.069557,0.000000,0.138062,6.354608,0.025355
14.660062,4.088287,0.000000,0.138692,7.236276,0.029295
15.018938,4.249802,0.000000,0.146197,7.001123,0.025660
15.542504,4.088454,0.000000,0.138010,7.699773,0.026352
14.573900,4.066216,0.000000,0.137735,6.991821,0.021552
14.917755,4.081947,0.000000,0.137702,6.781311,0.027707
14.589127,4.078154,0.000000,0.143081,7.123322,0.022810
14.743390,4.106477,0.000000,0.138634,7.244481,0.024211
14.409605,4.067086,0.000000,0.134888,7.118971,0.024260
14.355610,4.104943,0.000000,0.142242,6.926632,0.025031
14.617037,4.106520,0.000000,0.141241,7.100456,0.025288
14.439277,4.098860,0.000000,0.135249,6.985019,0.024863
14.645700,4.091769,0.000000,0.138013,6.823840,0.024710
14.872229,4.111825,0.000000,0.136961,7.044235,0.026304
14.986188,4.079999,0.000000,0.135447,7.452819,0.026417
14.669105,4.075752,0.000000,0.135821,6.845335,0.025773
14.640835,4.078781,0.000000,0.140344,7.105777,0.024625
14.938475,4.071966,0.000000,0.135933,7.062956,0.026517
14.711572,4.071262,0.000000,0.135905,7.108129,0.023189
14.495061,4.080021,0.000000,0.134639,6.808733,0.026263
14.469881,4.073960,0.000000,0.134499,6.961115,0.023273
14.894240,4.092971,0.000000,0.134957,7.191635,0.025038
14.714246,4.085604,0.000000,0.134971,7.081105,0.026855
14.598277,4.074099,0.000000,0.134802,7.046774,0.025232
14.860411,4.081745,0.000000,0.138796,7.219131,0.026813
15.096263,4.076389,0.000000,0.138737,7.750195,0.024962
14.621504,4.076650,0.000000,0.134555,6.954424,0.024847
14.531696,4.073438,0.000000,0.134282,6.911869,0.025803
14.809322,4.082279,0.000000,0.132171,7.327666,0.023496
14.495715,4.089805,0.000000,0.140055,7.199282,0.025780
14.637511,4.091759,0.000000,0.140304,7.129569,0.025149
15.388119,4.082825,0.000000,0.133644,7.067768,0.022897
14.750519,4.085943,0.000000,0.134207,6.776572,0.022922
14.742978,4.098979,0.000000,0.140091,7.088744,0.027196
14.515776,4.078949,0.000000,0.137373,6.904750,0.026332
14.488848,4.096690,0.000000,0.144073,6.981742,0.027344
14.827348,4.090724,0.000000,0.132728,7.219017,0.024242
15.722395,4.101839,0.000000,0.131915,7.611667,0.023378
14.980739,4.086962,0.000000,0.133196,6.981016,0.024611
19.110081,7.382401,0.000000,0.445553,8.149671,0.047913
18.982571,7.399916,0.000000,0.447970,7.868369,0.047362
18.917254,7.371341,0.000000,0.444739,7.957026,0.047283
18.973581,7.471732,0.000000,0.453295,7.961114,0.046888
18.802098,7.361662,0.000000,0.442327,7.866972,0.041650
19.312594,7.371302,0.000000,0.455926,8.112952,0.046780
18.870915,7.354061,0.000000,0.446445,7.868838,0.047543
19.099385,7.380360,0.000000,0.449883,8.077093,0.047304
19.249877,7.344497,0.000000,0.427930,8.104197,0.046710
19.185960,7.348947,0.000000,0.448892,8.160155,0.047236
19.197288,7.336863,0.000000,0.451351,8.257246,0.046710
18.882858,7.353783,0.000000,0.423704,7.919668,0.043659
18.963688,7.331415,0.000000,0.443570,8.043514,0.043182
19.271256,7.365778,0.000000,0.444642,7.974668,0.049410
19.363916,7.356565,0.000000,0.446423,8.043913,0.042859
19.000189,7.370252,0.000000,0.449014,8.021297,0.047073
19.019849,7.388995,0.000000,0.447341,8.097973,0.047879
19.063818,7.362419,0.000000,0.452091,7.938611,0.047609
18.451880,7.377219,0.000000,0.442737,7.507462,0.047480
18.852861,7.344269,0.000000,0.452022,7.835912,0.050658
19.305499,7.351061,0.000000,0.452783,8.170078,0.047090
19.059202,7.454648,0.000000,0.451892,7.990788,0.047270
18.709239,7.383563,0.000000,0.457111,7.737075,0.051036
19.011177,7.360685,0.000000,0.447735,8.081239,0.047988
19.017949,7.370374,0.000000,0.447026,8.058979,0.047082
19.287743,7.365147,0.000000,0.452884,8.192090,0.047001
18.923095,7.379642,0.000000,0.448757,7.901410,0.047207
19.426884,7.517896,0.000000,0.426693,8.035973,0.047549
18.980391,7.362282,0.000000,0.450106,8.005307,0.046274
18.842875,7.371462,0.000000,0.454752,7.966388,0.046671
19.076285,7.370394,0.000000,0.445463,8.089202,0.047252
19.284534,7.347335,0.000000,0.440641,7.938619,0.043126
19.004534,7.378404,0.000000,0.445646,8.033168,0.047441
19.072833,7.360517,0.000000,0.447356,8.063140,0.045977
18.921765,7.385017,0.000000,0.442721,7.925121,0.046729
19.084362,7.369918,0.000000,0.450780,8.068367,0.047897
19.026448,7.376520,0.000000,0.450746,7.970040,0.046617
19.062633,7.370564,0.000000,0.449469,7.988395,0.047809
19.243912,7.402510,0.000000,0.454215,8.104702,0.049042
19.265607,7.371964,0.000000,0.446342,8.325621,0.046866
19.216693,7.404235,0.000000,0.427793,8.179070,0.047086
19.137419,7.380087,0.000000,0.441857,8.014274,0.047557
18.800590,7.379647,0.000000,0.448970,7.779709,0.046579
18.943310,7.371869,0.000000,0.420496,7.945107,0.045816
19.035689,7.354469,0.000000,0.449390,8.082801,0.049141
19.274578,7.387826,0.000000,0.451562,8.270235,0.046356
18.733020,7.394912,0.000000,0.424864,7.770535,0.046735
19.273786,7.340571,0.000000,0.453549,8.212742,0.047304
19.054266,7.339208,0.000000,0.448954,8.175030,0.047618
19.080435,7.368082,0.000000,0.451354,8.092722,0.045443
