14.020239,3.137634,0.000000,0.117230,6.503377,0.033966
12.952082,3.137547,0.000000,0.121675,6.593044,0.030985
13.006207,3.154504,0.000000,0.121801,6.605733,0.029667
13.045882,3.143157,0.000000,0.120128,6.399432,0.029562
12.927267,3.129274,0.000000,0.123172,6.655838,0.029233
13.201490,3.241894,0.000000,0.123052,6.717127,0.030264
12.934243,3.144983,0.000000,0.121096,6.638848,0.028862
13.211255,3.136790,0.000000,0.120473,6.548533,0.029952
13.041945,3.152761,0.000000,0.122730,6.581609,0.032471
13.402270,3.128294,0.000000,0.120184,6.637228,0.029749
13.259478,3.134265,0.000000,0.119312,6.580448,0.026661
13.632584,3.153796,0.000000,0.120042,6.507461,0.028334
13.354466,3.117747,0.000000,0.116734,6.414424,0.031139
13.017590,3.143518,0.000000,0.119933,6.627385,0.028898
13.645601,3.136219,0.000000,0.120630,6.649211,0.029339
13.117093,3.128860,0.000000,0.122098,6.846385,0.027652
12.998328,3.142312,0.000000,0.120864,6.587187,0.029716
13.258507,3.193520,0.000000,0.121717,6.726178,0.028008
13.348392,3.156123,0.000000,0.121340,6.609639,0.030685
14.039151,3.144706,0.000000,0.114769,6.606470,0.027675
12.933519,3.173579,0.000000,0.119631,6.569845,0.028753
13.128253,3.114428,0.000000,0.118534,6.409952,0.031779
13.838724,3.167416,0.000000,0.116108,6.534938,0.025322
13.446009,3.149813,0.000000,0.120778,6.412082,0.028603
13.202661,3.144583,0.000000,0.120802,6.494809,0.030378
12.920508,3.150459,0.000000,0.121682,6.455368,0.028898
12.966930,3.139352,0.000000,0.119076,6.633760,0.030447
13.000340,3.175688,0.000000,0.119000,6.685508,0.031654
13.286871,3.169129,0.000000,0.120713,6.654091,0.031710
12.956875,3.153729,0.000000,0.118377,6.529389,0.027257
12.841597,3.142658,0.000000,0.119523,6.405080,0.027231
13.233359,3.141897,0.000000,0.120060,6.465656,0.029719
12.974608,3.183548,0.000000,0.120535,6.050057,0.030541
13.020579,3.152101,0.000000,0.119311,6.376076,0.028960
13.136850,3.137708,0.000000,0.123377,6.577185,0.030325
12.965237,3.144323,0.000000,0.119712,6.236210,0.036768
13.272429,3.153249,0.000000,0.121209,6.552787,0.033024
12.809692,3.147375,0.000000,0.123863,6.458033,0.036055
13.751329,3.119592,0.000000,0.122172,6.537043,0.028504
13.028452,3.157997,0.000000,0.121996,6.501606,0.031523
13.288331,3.138777,0.000000,0.122630,6.716234,0.030083
13.063826,3.133407,0.000000,0.123085,6.629642,0.029524
13.293564,3.186658,0.000000,0.119715,6.460992,0.028109
13.452896,3.163829,0.000000,0.114754,6.696430,0.028626
13.135997,3.138177,0.000000,0.121297,6.340999,0.029111
12.997264,3.134028,0.000000,0.119015,6.489268,0.028728
13.346135,3.158422,0.000000,0.120312,6.420660,0.027979
13.018265,3.146213,0.000000,0.121660,6.455185,0.028796
13.175175,3.116625,0.000000,0.122956,6.462032,0.028569
13.179522,3.142819,0.000000,0.118867,6.332467,0.031116
16.094157,4.190212,0.000000,0.131041,4.244238,0.019492
15.824678,4.064462,0.000000,0.127437,4.370081,0.021197
16.141235,4.057368,0.000000,0.127210,4.306930,0.019919
15.841718,4.077644,0.000000,0.124784,4.385178,0.020013
15.592960,4.056163,0.000000,0.128752,4.393251,0.019800
16.284111,4.082445,0.000000,0.128618,4.391145,0.021067
15.689991,4.054347,0.000000,0.126851,4.365968,0.019823
15.809623,4.059837,0.000000,0.129452,4.254286,0.019844
15.952755,4.057144,0.000000,0.127230,4.288612,0.019410
15.843348,4.110282,0.000000,0.126294,4.326592,0.020932
15.745937,4.050412,0.000000,0.124755,4.325650,0.021866
15.515091,4.073640,0.000000,0.125618,4.427652,0.020332
15.795320,4.053328,0.000000,0.128265,4.315099,0.020700
15.609283,4.062836,0.000000,0.127609,4.413868,0.019390
16.142818,4.051930,0.000000,0.128520,4.359400,0.019918
15.729599,4.052822,0.000000,0.128517,4.327340,0.020892
15.522205,4.053789,0.000000,0.125575,4.315706,0.019411
15.701473,4.068949,0.000000,0.128323,4.381934,0.021036
15.954818,4.058302,0.000000,0.126243,4.327511,0.020430
15.471470,4.068748,0.000000,0.127150,4.388680,0.019562
15.323485,4.049981,0.000000,0.127458,4.350715,0.020733
15.763944,4.056963,0.000000,0.128228,4.394544,0.020935
15.448147,4.048814,0.000000,0.127014,4.261741,0.020710
15.918795,4.052308,0.000000,0.128119,4.292590,0.021394
15.850032,4.054084,0.000000,0.129077,4.434934,0.020310
15.823823,4.054659,0.000000,0.127294,4.339487,0.021040
15.567302,4.052069,0.000000,0.128935,4.329836,0.022110
15.849185,4.072746,0.000000,0.128701,4.264386,0.021090
15.638865,4.058295,0.000000,0.126413,4.293803,0.020930
15.774761,4.204458,0.000000,0.130376,4.348562,0.019625
15.487436,4.052607,0.000000,0.127562,4.332024,0.019937
15.577986,4.064014,0.000000,0.127785,4.315206,0.020558
15.827171,4.081547,0.000000,0.127860,4.400785,0.020780
15.997163,4.054134,0.000000,0.129832,4.335449,0.019821
15.636996,4.051347,0.000000,0.129147,4.354355,0.021389
15.940723,4.054171,0.000000,0.127914,4.370114,0.021160
16.320188,4.053249,0.000000,0.128552,4.364457,0.019663
15.848876,4.042458,0.000000,0.125559,4.351992,0.020543
15.546205,4.060457,0.000000,0.126812,4.358889,0.019905
16.054200,4.068916,0.000000,0.129132,4.373009,0.020655
15.632918,4.056554,0.000000,0.128699,4.314843,0.019901
15.735935,4.091574,0.000000,0.130171,4.345441,0.021203
15.622053,4.042454,0.000000,0.128287,4.258725,0.019898
15.804455,4.050768,0.000000,0.126116,4.248291,0.021117
15.795050,4.067617,0.000000,0.127218,4.355677,0.019409
15.468990,4.187814,0.000000,0.129116,4.277119,0.019638
15.567329,4.048605,0.000000,0.127544,4.339621,0.019509
15.850715,4.052104,0.000000,0.129766,4.308562,0.019607
16.208810,4.050182,0.000000,0.129744,4.382242,0.020507
15.721799,4.074987,0.000000,0.128237,4.413311,0.020498
