156.498242,  145.995184, 0.000000, 0.584950, 4.585398, 0.023852
156.319986,  145.924533, 0.000000, 0.585091, 4.610674, 0.023762
156.598542,  146.080831, 0.000000, 0.584282, 4.543911, 0.023624
157.509504,  146.181648, 0.000000, 0.585243, 4.625170, 0.023807
156.088899,  145.241281, 0.000000, 0.584070, 4.570298, 0.023790
156.181015,  145.630657, 0.000000, 0.590511, 4.531350, 0.024331
155.738361,  145.432073, 0.000000, 0.585337, 4.591817, 0.023884
156.554771,  146.023809, 0.000000, 0.582819, 4.588306, 0.023804
157.173698,  146.596524, 0.000000, 0.588774, 4.566202, 0.023272
157.838126,  146.355763, 0.000000, 0.585283, 4.600570, 0.023914
156.456728,  146.013002, 0.000000, 0.584066, 4.590197, 0.023736
156.959821,  146.064368, 0.000000, 0.582651, 4.560736, 0.023355
156.334184,  145.748157, 0.000000, 0.589644, 4.465310, 0.023342
156.357520,  145.645976, 0.000000, 0.585565, 4.615929, 0.023677
156.511626,  145.776491, 0.000000, 0.586562, 4.575589, 0.023061
156.901552,  146.314082, 0.000000, 0.584944, 4.584757, 0.023474
157.484727,  145.755600, 0.000000, 0.584269, 4.607229, 0.023740
157.443629,  146.283198, 0.000000, 0.582762, 4.587239, 0.023728
157.343483,  145.633510, 0.000000, 0.586201, 4.604827, 0.023612
156.372533,  146.122809, 0.000000, 0.587806, 4.603192, 0.023853
156.441231,  146.086943, 0.000000, 0.585092, 4.590343, 0.023815
156.767998,  145.963739, 0.000000, 0.585610, 4.593188, 0.023765
156.912469,  145.980849, 0.000000, 0.591376, 4.634735, 0.023798
156.242918,  145.885265, 0.000000, 0.584004, 4.541178, 0.023723
156.717256,  146.204876, 0.000000, 0.585004, 4.626214, 0.023547
157.071050,  146.066781, 0.000000, 0.586506, 4.581175, 0.023591
156.661055,  146.195085, 0.000000, 0.581436, 4.570717, 0.024190
157.153042,  146.723612, 0.000000, 0.582190, 4.616426, 0.023734
156.848478,  146.113512, 0.000000, 0.585116, 4.586177, 0.024482
156.117670,  145.476024, 0.000000, 0.580663, 4.528785, 0.023359
300.153606,  272.403848, 0.000000, 0.618484, 16.093085, 0.030140
300.370065,  270.904511, 0.000000, 0.611044, 16.295252, 0.030116
300.614773,  272.730848, 0.000000, 0.612778, 16.241415, 0.030271
301.225215,  272.683837, 0.000000, 0.618233, 16.185944, 0.030200
301.386805,  273.780998, 0.000000, 0.620295, 16.127708, 0.029458
299.747615,  272.120727, 0.000000, 0.625703, 16.297076, 0.030570
300.376522,  272.127896, 0.000000, 0.631198, 16.043612, 0.030509
301.042455,  272.748668, 0.000000, 0.622210, 16.123074, 0.030449
300.427547,  273.936358, 0.000000, 0.615640, 16.318482, 0.030094
300.041680,  272.362450, 0.000000, 0.620810, 16.139579, 0.030368
299.317631,  271.147893, 0.000000, 0.619160, 16.234817, 0.030314
300.855206,  272.509597, 0.000000, 0.631477, 16.204242, 0.030094
301.027698,  273.458176, 0.000000, 0.627329, 16.074160, 0.030152
299.251190,  271.120259, 0.000000, 0.618244, 16.127889, 0.030273
301.144669,  272.220916, 0.000000, 0.620493, 16.173952, 0.030677
301.123291,  272.457302, 0.000000, 0.627140, 16.240986, 0.030582
301.283226,  272.351929, 0.000000, 0.620155, 16.194746, 0.030154
300.452729,  271.865170, 0.000000, 0.624171, 16.274947, 0.030473
300.353473,  272.868349, 0.000000, 0.623600, 16.238494, 0.030179
298.856868,  272.723143, 0.000000, 0.625825, 16.311640, 0.030303
300.905518,  271.816337, 0.000000, 0.617485, 16.202730, 0.030339
300.926520,  273.196298, 0.000000, 0.621791, 16.111570, 0.030304
300.904142,  271.569106, 0.000000, 0.621961, 16.512671, 0.030346
300.364371,  271.896165, 0.000000, 0.625368, 16.083447, 0.030368
301.229595,  272.601871, 0.000000, 0.622714, 16.385958, 0.030323
300.715869,  270.943379, 0.000000, 0.627220, 16.213274, 0.030443
303.057133,  276.524694, 0.000000, 0.634466, 16.170466, 0.029715
300.162124,  273.333789, 0.000000, 0.628134, 15.667252, 0.030138
300.852666,  272.733712, 0.000000, 0.627072, 16.299099, 0.030225
300.468618,  273.188437, 0.000000, 0.620369, 15.736946, 0.030491
540.419785,  480.796606, 0.000000, 0.616334, 33.179626, 0.042456
538.788530,  474.446951, 0.000000, 0.607787, 34.902601, 0.040762
540.669617,  474.622341, 0.000000, 0.611489, 35.926580, 0.041415
539.803939,  475.681077, 0.000000, 0.618532, 33.877406, 0.041163
540.769966,  475.079480, 0.000000, 0.612712, 34.747679, 0.042172
541.231586,  476.435225, 0.000000, 0.616306, 34.983290, 0.041875
539.825264,  475.687385, 0.000000, 0.621054, 34.870217, 0.039893
540.685443,  474.788314, 0.000000, 0.613488, 35.441518, 0.042181
542.279175,  474.895367, 0.000000, 0.616326, 34.524099, 0.042985
536.833300,  474.435396, 0.000000, 0.596142, 33.795637, 0.040130
540.171026,  475.450068, 0.000000, 0.604441, 35.238250, 0.039847
539.039621,  476.235858, 0.000000, 0.621532, 33.364910, 0.041625
543.018829,  478.036483, 0.000000, 0.615379, 35.833406, 0.045712
540.341322,  477.746618, 0.000000, 0.616898, 33.590581, 0.040039
540.039545,  474.889268, 0.000000, 0.607596, 34.056338, 0.041483
541.613658,  476.666188, 0.000000, 0.611025, 34.468442, 0.043512
543.587676,  476.191737, 0.000000, 0.612369, 34.307462, 0.041052
539.858188,  475.756386, 0.000000, 0.609217, 33.302188, 0.042926
539.039553,  475.339526, 0.000000, 0.616460, 34.939799, 0.041845
538.939478,  475.242756, 0.000000, 0.611790, 33.473084, 0.039692
537.110653,  475.967962, 0.000000, 0.612019, 34.622061, 0.041042
542.076003,  477.377549, 0.000000, 0.612822, 35.673894, 0.036216
538.863341,  475.449324, 0.000000, 0.610826, 33.605913, 0.042207
539.661602,  475.184137, 0.000000, 0.611074, 34.660007, 0.039737
544.750664,  475.342949, 0.000000, 0.615059, 34.955891, 0.041119
539.949260,  475.460605, 0.000000, 0.611079, 34.270698, 0.041295
543.601378,  476.587587, 0.000000, 0.607836, 35.825542, 0.041957
539.620981,  476.118873, 0.000000, 0.601841, 31.776841, 0.040325
541.907874,  481.145906, 0.000000, 0.609546, 34.365204, 0.042560
537.994369,  475.330708, 0.000000, 0.618499, 34.988786, 0.040541
780.913915,  682.022436, 0.000000, 0.609153, 48.273395, 0.056391
773.658652,  665.912610, 0.000000, 0.612457, 49.557880, 0.055982
775.069975,  667.775582, 0.000000, 0.612861, 47.768155, 0.058083
777.110923,  675.654120, 0.000000, 0.606473, 47.726439, 0.056193
783.985713,  677.318466, 0.000000, 0.614733, 47.288768, 0.055835
783.691511,  675.788978, 0.000000, 0.612740, 49.037104, 0.056456
784.211822,  676.425753, 0.000000, 0.614035, 49.439328, 0.057395
780.528948,  676.566445, 0.000000, 0.612997, 45.996459, 0.059477
788.659933,  679.773850, 0.000000, 0.616237, 49.689703, 0.056311
784.862814,  675.223285, 0.000000, 0.612312, 50.171727, 0.058207
784.525519,  666.353655, 0.000000, 0.613400, 47.950662, 0.053454
778.869925,  666.410022, 0.000000, 0.611369, 47.465768, 0.061384
785.959418,  674.397959, 0.000000, 0.612966, 47.066858, 0.059977
782.452515,  669.326097, 0.000000, 0.617048, 47.858809, 0.055736
777.025996,  670.201075, 0.000000, 0.605657, 49.724800, 0.058733
777.263689,  666.476929, 0.000000, 0.606385, 48.987621, 0.056463
784.017556,  669.407063, 0.000000, 0.615570, 48.116220, 0.058885
780.889238,  668.046179, 0.000000, 0.600451, 50.837104, 0.057365
792.960516,  665.143138, 0.000000, 0.625981, 48.005591, 0.060000
782.079323,  668.703610, 0.000000, 0.605640, 49.657695, 0.056038
790.868016,  662.646544, 5.557329, 0.612156, 39.237316, 1.318343
779.939018,  665.093719, 5.563356, 0.614076, 44.438892, 1.307791
788.993093,  672.117778, 5.556281, 0.615452, 38.267007, 1.350610
783.085284,  681.503404, 5.556143, 0.612033, 45.369974, 1.331787
782.281438,  675.103079, 5.558031, 0.611214, 43.503603, 1.334181
777.370700,  676.240085, 5.572121, 0.616539, 46.424534, 1.294983
791.051112,  672.456940, 0.000000, 0.609554, 50.536823, 0.057353
784.737951,  676.296412, 0.000000, 0.609832, 49.801746, 0.057225
784.413109,  677.927883, 0.000000, 0.604423, 49.350909, 0.056863
779.055972,  681.105431, 0.000000, 0.618804, 47.922439, 0.057641
