295.985539,  198.440699, 0.000000, 0.505423, 17.294501, 0.026450
296.236291,  198.631814, 0.000000, 0.504536, 17.439356, 0.026314
296.444795,  199.011895, 0.000000, 0.503918, 17.418343, 0.026701
297.023041,  198.223407, 0.000000, 0.504487, 17.318196, 0.026767
297.522914,  198.622370, 0.000000, 0.502465, 17.229358, 0.026873
296.073152,  198.032654, 0.000000, 0.506299, 17.426078, 0.026738
296.221147,  198.923461, 0.000000, 0.506403, 17.195647, 0.026832
296.861118,  198.613176, 0.000000, 0.506840, 17.290760, 0.026943
296.528975,  198.323931, 0.000000, 0.503248, 17.467498, 0.026867
296.130952,  198.939806, 0.000000, 0.503545, 17.318566, 0.027108
295.347623,  198.504785, 0.000000, 0.506299, 17.408603, 0.027228
296.640091,  198.288321, 0.000000, 0.506855, 17.333497, 0.026642
296.940377,  198.510904, 0.000000, 0.508600, 17.233634, 0.026727
295.402251,  199.630927, 0.000000, 0.505913, 17.263673, 0.026982
296.997327,  198.644714, 0.000000, 0.506269, 17.414450, 0.027309
296.973719,  197.629766, 0.000000, 0.505168, 17.391726, 0.027383
297.449784,  198.040398, 0.000000, 0.505861, 17.377939, 0.027019
296.472764,  197.976972, 0.000000, 0.505369, 17.494666, 0.026951
296.187733,  197.910910, 0.000000, 0.505289, 17.323314, 0.026917
295.002711,  198.201441, 0.000000, 0.506772, 17.377071, 0.027052
296.735572,  197.870746, 0.000000, 0.504569, 17.421562, 0.026970
296.310403,  198.370175, 0.000000, 0.501274, 17.177789, 0.027060
296.648697,  198.726572, 0.000000, 0.504150, 17.714286, 0.027004
296.304574,  197.888429, 0.000000, 0.506132, 17.268536, 0.027063
297.376122,  197.851612, 0.000000, 0.505719, 17.621683, 0.026966
296.636334,  198.805047, 0.000000, 0.505307, 17.339649, 0.027435
297.936775,  198.333456, 0.000000, 0.503497, 17.370774, 0.026906
295.916635,  198.895116, 0.000000, 0.506316, 16.752590, 0.027018
296.760580,  199.939802, 0.000000, 0.505973, 17.441582, 0.026895
296.192291,  197.949589, 0.000000, 0.508510, 16.763582, 0.026337
538.566431,  469.514542, 0.000000, 0.632722, 33.909483, 0.048544
537.005693,  469.950833, 0.000000, 0.630605, 35.676256, 0.045583
539.156753,  471.235592, 0.000000, 0.627182, 37.363116, 0.047854
537.366911,  471.944462, 0.000000, 0.629843, 35.729983, 0.047715
538.652428,  472.204361, 0.000000, 0.624633, 36.496918, 0.046431
539.472297,  469.679119, 0.000000, 0.623796, 35.961899, 0.044547
538.310592,  471.028314, 0.000000, 0.632985, 35.814767, 0.045548
538.248923,  470.934660, 0.000000, 0.631074, 36.243812, 0.046088
540.212908,  471.442207, 0.000000, 0.630264, 35.750800, 0.047307
535.632780,  471.424072, 0.000000, 0.633426, 34.057131, 0.045793
538.389835,  470.140048, 0.000000, 0.633501, 35.962559, 0.044531
537.216685,  470.060531, 0.000000, 0.636891, 34.079052, 0.046243
540.699816,  469.686958, 0.000000, 0.626444, 37.111168, 0.049802
538.499656,  470.358049, 0.000000, 0.631466, 34.428385, 0.045363
538.373505,  468.953256, 0.000000, 0.623038, 34.787875, 0.044269
539.608206,  471.571487, 0.000000, 0.625870, 36.391717, 0.048781
542.197833,  469.665852, 0.000000, 0.633048, 35.651619, 0.044686
537.216685,  470.335838, 0.000000, 0.631638, 34.771004, 0.048012
537.764197,  470.999404, 0.000000, 0.633179, 35.300702, 0.047397
537.288577,  470.027345, 0.000000, 0.633270, 35.252196, 0.046028
535.456819,  468.593370, 0.000000, 0.632269, 35.139671, 0.046580
540.324806,  470.244468, 0.000000, 0.631829, 36.560767, 0.042400
537.957976,  471.666558, 0.000000, 0.633606, 34.427594, 0.045932
537.986336,  471.373099, 0.000000, 0.634547, 35.428578, 0.045150
543.379877,  469.383695, 0.000000, 0.635252, 36.695510, 0.045773
538.137837,  468.905503, 0.000000, 0.630176, 35.701901, 0.047353
542.136142,  469.672469, 0.000000, 0.627637, 37.352582, 0.045764
537.785363,  471.188413, 0.000000, 0.629296, 33.218135, 0.046122
539.905756,  469.645632, 0.000000, 0.625934, 36.117138, 0.047927
536.583321,  470.037537, 0.000000, 0.636373, 35.591892, 0.046826
782.484708,  689.124259, 0.000000, 0.629016, 50.426709, 0.064030
774.689274,  684.688212, 0.000000, 0.637438, 50.176232, 0.063773
776.506441,  682.360725, 0.000000, 0.627422, 50.491556, 0.063705
778.039081,  684.998470, 0.000000, 0.629926, 50.526882, 0.061982
785.289276,  682.023233, 0.000000, 0.634142, 49.367605, 0.062132
785.720170,  690.980563, 0.000000, 0.633560, 50.874754, 0.063065
785.493334,  689.194921, 0.000000, 0.639204, 51.395061, 0.064303
782.110509,  687.894644, 0.000000, 0.639170, 47.609685, 0.062672
790.286678,  690.342935, 0.000000, 0.630968, 50.904748, 0.063546
786.034073,  691.232114, 0.000000, 0.636484, 50.868538, 0.066413
786.147948,  691.008244, 0.000000, 0.638716, 49.389179, 0.057842
780.411965,  691.428507, 0.000000, 0.632318, 48.760638, 0.068102
787.232258,  688.465543, 0.000000, 0.635610, 49.066166, 0.066347
783.995277,  689.920929, 0.000000, 0.637237, 48.653512, 0.062274
778.400146,  690.879043, 0.000000, 0.628353, 52.028935, 0.065467
778.482571,  687.231438, 0.000000, 0.633409, 49.571366, 0.063404
785.259908,  689.839323, 0.000000, 0.639643, 50.028265, 0.064350
782.204094,  691.428143, 0.000000, 0.634582, 52.918628, 0.063906
794.458789,  689.569936, 0.000000, 0.637024, 49.310783, 0.066079
783.435171,  688.439453, 0.000000, 0.630371, 50.548960, 0.063693
790.868016,  662.646544, 5.557329, 0.612156, 39.237316, 1.318343
779.939018,  665.093719, 5.563356, 0.614076, 44.438892, 1.307791
788.993093,  672.117778, 5.556281, 0.615452, 38.267007, 1.350610
783.085284,  681.503404, 5.556143, 0.612033, 45.369974, 1.331787
782.281438,  675.103079, 5.558031, 0.611214, 43.503603, 1.334181
777.370700,  676.240085, 5.572121, 0.616539, 46.424534, 1.294983
793.240964,  691.883783, 0.000000, 0.634478, 53.572339, 0.063207
786.572241,  690.829885, 0.000000, 0.637229, 51.322525, 0.064535
785.734037,  687.092963, 0.000000, 0.634429, 50.879657, 0.063479
780.039906,  677.332626, 0.000000, 0.625620, 48.916414, 0.066317
