9.703234,7.495554,0.000000,0.019565,1.268930,0.005974
9.920518,7.473508,0.000000,0.019056,1.281164,0.005838
9.880854,7.493929,0.000000,0.019741,1.265160,0.005667
9.655657,7.561005,0.000000,0.020923,1.288821,0.006473
9.691074,7.538300,0.000000,0.019900,1.218162,0.006334
9.679916,7.559515,0.000000,0.020957,1.250775,0.005986
10.047805,7.512270,0.000000,0.018336,1.247030,0.005865
9.584122,7.511042,0.000000,0.019316,1.197185,0.005976
10.010717,7.446628,0.000000,0.019255,1.218522,0.006074
9.896625,7.553911,0.000000,0.019673,1.264901,0.005995
10.191143,7.533285,0.000000,0.018698,1.249747,0.006128
9.641020,7.518515,0.000000,0.020995,1.263609,0.006362
10.174094,7.542323,0.000000,0.021648,1.331192,0.005887
10.018767,7.545083,0.000000,0.019580,1.215044,0.005413
10.135125,7.533244,0.000000,0.019523,1.251467,0.005670
9.809319,7.510583,0.000000,0.019667,1.202406,0.005821
9.890056,7.551254,0.000000,0.021738,1.239050,0.006146
9.689025,7.575569,0.000000,0.022281,1.283635,0.005857
9.905370,7.546462,0.000000,0.019146,1.272376,0.005946
10.038828,7.573454,0.000000,0.019873,1.227780,0.006066
9.694512,7.584620,0.000000,0.022124,1.246155,0.006133
9.922546,7.582694,0.000000,0.019080,1.238774,0.006406
9.723289,7.546144,0.000000,0.020230,1.315508,0.005767
10.104991,7.526964,0.000000,0.019267,1.242416,0.005826
10.410399,7.554785,0.000000,0.018512,1.256757,0.005995
9.774803,7.534152,0.000000,0.018788,1.271050,0.005760
9.732958,7.450803,0.000000,0.019358,1.262702,0.006262
9.681307,7.559833,0.000000,0.021556,1.267481,0.006456
9.609558,7.532966,0.000000,0.020923,1.271371,0.006466
10.306785,7.525163,0.000000,0.019813,1.220824,0.005515
9.648310,7.599202,0.000000,0.021040,1.277814,0.006131
9.602340,7.541359,0.000000,0.021295,1.226796,0.006009
9.906279,7.489514,0.000000,0.019681,1.254941,0.006250
10.049865,7.467834,0.000000,0.019534,1.268300,0.006003
9.595559,7.638798,0.000000,0.021849,1.208923,0.005966
9.726265,7.548313,0.000000,0.019624,1.256525,0.006092
9.732745,7.541178,0.000000,0.018830,1.225244,0.005877
9.773448,7.562907,0.000000,0.019325,1.265347,0.005924
9.768081,7.535720,0.000000,0.019450,1.246545,0.006152
9.888573,7.487407,0.000000,0.020013,1.304164,0.006198
9.711161,7.523712,0.000000,0.020959,1.254702,0.006101
10.413570,7.481324,0.000000,0.019852,1.248380,0.005904
9.681934,7.522084,0.000000,0.019951,1.236422,0.005931
9.707991,7.544575,0.000000,0.021392,1.231890,0.006018
9.613775,7.585925,0.000000,0.020860,1.261396,0.005876
9.718252,7.531448,0.000000,0.020375,1.238257,0.005772
9.695968,7.554433,0.000000,0.020810,1.295248,0.006048
9.870568,7.551216,0.000000,0.019964,1.274631,0.005625
9.925304,7.529916,0.000000,0.018774,1.271448,0.006264
10.137137,7.486889,0.000000,0.021680,1.271527,0.005857
11.858571,9.584317,0.000000,0.044046,1.356196,0.004632
11.917682,9.570890,0.000000,0.041197,1.374028,0.004665
11.771664,9.580797,0.000000,0.044193,1.352754,0.004750
11.725614,9.522278,0.000000,0.043538,1.338897,0.004458
11.723367,9.505163,0.000000,0.027317,1.336497,0.004979
11.716280,9.569014,0.000000,0.042376,1.321698,0.004675
11.714374,9.509284,0.000000,0.046173,1.346280,0.004549
11.803259,9.538165,0.000000,0.045363,1.305300,0.004728
11.679663,9.526858,0.000000,0.040495,1.319781,0.004502
11.828953,9.586235,0.000000,0.044123,1.299121,0.004917
11.741580,9.628081,0.000000,0.045336,1.364183,0.004985
11.874112,9.512904,0.000000,0.041628,1.320488,0.004809
11.790255,9.549977,0.000000,0.044340,1.324656,0.005485
12.169800,9.506205,0.000000,0.040968,1.397734,0.007691
11.646899,9.611780,0.000000,0.043754,1.280663,0.004759
12.318239,9.620211,0.000000,0.039264,1.277062,0.004637
11.839515,9.588582,0.000000,0.045878,1.300285,0.004994
11.854399,9.655207,0.000000,0.039829,1.337158,0.004484
11.866818,9.572385,0.000000,0.041538,1.307197,0.004550
11.853621,9.552536,0.000000,0.042656,1.325921,0.004541
11.796713,9.583655,0.000000,0.041662,1.332492,0.004803
11.921053,9.555080,0.000000,0.041770,1.287915,0.004491
12.099388,9.573457,0.000000,0.044374,1.338711,0.005157
11.945692,9.577090,0.000000,0.040389,1.326724,0.004674
11.851651,9.590598,0.000000,0.044163,1.317879,0.004798
11.724798,9.533565,0.000000,0.045478,1.314915,0.004748
12.250227,9.546237,0.000000,0.040525,1.309770,0.004629
11.715318,9.501777,0.000000,0.045620,1.373135,0.004720
11.716441,9.553430,0.000000,0.045565,1.332574,0.004524
11.706032,9.538962,0.000000,0.045672,1.347532,0.004483
11.876493,9.639510,0.000000,0.039530,1.314673,0.004517
12.603296,9.524189,0.000000,0.036171,1.357794,0.004492
11.722800,9.612546,0.000000,0.046207,1.284892,0.004889
11.790902,9.618067,0.000000,0.042256,1.354532,0.004997
12.049827,9.548528,0.000000,0.041277,1.328237,0.004653
11.810288,9.509559,0.000000,0.045210,1.373041,0.004695
11.830202,9.567581,0.000000,0.040051,1.289308,0.004625
12.348298,9.735999,0.000000,0.038691,1.261018,0.004645
11.807909,9.524085,0.000000,0.045338,1.409048,0.004895
12.357612,9.477472,0.000000,0.039651,1.330894,0.004491
11.698893,9.591683,0.000000,0.042353,1.352490,0.004711
12.120379,9.508213,0.000000,0.041255,1.331303,0.004632
11.719713,9.576347,0.000000,0.037095,1.330186,0.004331
11.863065,9.594918,0.000000,0.038957,1.344760,0.005387
11.678985,9.608462,0.000000,0.045497,1.299129,0.004785
11.796376,9.503467,0.000000,0.043170,1.335270,0.004930
12.257066,9.482979,0.000000,0.042027,1.296302,0.005233
11.704610,9.513271,0.000000,0.029799,1.329419,0.005130
11.632529,9.463623,0.000000,0.041636,1.339206,0.005405
11.934923,9.575103,0.000000,0.039952,1.272919,0.004826
