12.888112,  9.489554, 0.000000, 0.028797, 0.756552, 0.013911
12.744682,  9.410927, 0.000000, 0.028637, 0.713455, 0.014490
13.015721,  9.528302, 0.000000, 0.026152, 0.695108, 0.014321
13.016955,  9.901610, 0.000000, 0.030322, 0.725637, 0.015503
13.076068,  9.475087, 0.000000, 0.030520, 0.720458, 0.014812
12.795260,  9.462362, 0.000000, 0.031004, 0.706748, 0.015018
12.816060,  9.429312, 0.000000, 0.030262, 0.759760, 0.014529
12.817563,  9.510242, 0.000000, 0.029414, 0.746164, 0.015247
12.964299,  9.525797, 0.000000, 0.027922, 0.686733, 0.015166
12.994876,  9.559610, 0.000000, 0.026980, 0.761470, 0.014953
13.173783,  9.569623, 0.000000, 0.026704, 0.758441, 0.015788
12.976741,  9.421770, 0.000000, 0.030801, 0.708208, 0.014976
12.870901,  9.554456, 0.000000, 0.026693, 0.720950, 0.014253
12.767308,  9.446625, 0.000000, 0.029090, 0.724287, 0.013974
12.990474,  9.541480, 0.000000, 0.026825, 0.783924, 0.015505
12.833290,  9.574008, 0.000000, 0.029593, 0.704540, 0.014781
13.020196,  9.521326, 0.000000, 0.027248, 0.743498, 0.014423
12.830044,  9.686679, 0.000000, 0.030653, 0.761547, 0.014729
13.023498,  9.501502, 0.000000, 0.031158, 0.720019, 0.014919
12.772774,  9.429864, 0.000000, 0.028962, 0.737391, 0.014681
12.839028,  9.436215, 0.000000, 0.029171, 0.771510, 0.014702
12.875524,  9.406800, 0.000000, 0.026423, 0.746885, 0.014817
12.831497,  9.424075, 0.000000, 0.027967, 0.758423, 0.014484
12.859479,  9.452022, 0.000000, 0.031542, 0.735213, 0.014356
12.867636,  9.401999, 0.000000, 0.030809, 0.707607, 0.015363
12.957520,  9.552103, 0.000000, 0.031585, 0.728524, 0.015177
12.840516,  9.535543, 0.000000, 0.029225, 0.774075, 0.014774
12.972181,  9.481404, 0.000000, 0.027358, 0.755153, 0.015568
12.782356,  9.444777, 0.000000, 0.026413, 0.692624, 0.014611
12.952520,  9.436929, 0.000000, 0.029685, 0.742581, 0.016663
12.681438,  9.516788, 0.000000, 0.026859, 0.795237, 0.015744
12.818599,  9.483325, 0.000000, 0.031168, 0.799249, 0.014210
12.955039,  9.471437, 0.000000, 0.030050, 0.768076, 0.014798
13.139034,  9.559801, 0.000000, 0.029515, 0.742575, 0.014470
12.686445,  9.467245, 0.000000, 0.028956, 0.722190, 0.014671
12.769986,  9.464829, 0.000000, 0.025480, 0.757143, 0.014119
12.985015,  9.463147, 0.000000, 0.030922, 0.783454, 0.017370
12.925833,  9.466514, 0.000000, 0.026733, 0.712365, 0.014485
12.794192,  9.466593, 0.000000, 0.026634, 0.760918, 0.014326
12.814811,  9.478434, 0.000000, 0.029617, 0.746880, 0.014756
12.931658,  9.484723, 0.000000, 0.030317, 0.702454, 0.014718
12.881822,  9.521659, 0.000000, 0.029067, 0.693704, 0.015185
12.835099,  9.466763, 0.000000, 0.028513, 0.682019, 0.016044
12.900826,  9.505055, 0.000000, 0.029866, 0.772960, 0.014927
12.849976,  9.510464, 0.000000, 0.031578, 0.737770, 0.016247
12.854209,  9.475076, 0.000000, 0.029490, 0.709276, 0.015028
12.733328,  9.453313, 0.000000, 0.027185, 0.667507, 0.014727
12.934349,  9.491937, 0.000000, 0.031065, 0.698721, 0.014702
13.024331,  9.536355, 0.000000, 0.027060, 0.749137, 0.014541
12.994393,  9.604429, 0.000000, 0.031527, 0.730151, 0.017364
10.020894,  6.777195, 0.000000, 0.018779, 1.056738, 0.012018
9.607611,  6.731653, 0.000000, 0.018880, 1.100094, 0.010670
9.646609,  6.758213, 0.000000, 0.018808, 1.147362, 0.011315
9.555186,  6.899167, 0.000000, 0.019027, 0.993635, 0.010710
9.513713,  6.769177, 0.000000, 0.017797, 1.097327, 0.010458
10.424149,  6.794998, 0.000000, 0.018158, 1.022242, 0.011986
9.970424,  6.991264, 0.000000, 0.019521, 1.040575, 0.010418
9.679353,  6.742991, 0.000000, 0.018461, 1.025926, 0.010510
9.782491,  6.775869, 0.000000, 0.018920, 1.095965, 0.010668
9.764108,  6.809237, 0.000000, 0.019463, 1.066789, 0.011080
9.541363,  6.779443, 0.000000, 0.018660, 1.118206, 0.011651
9.682988,  6.761316, 0.000000, 0.018158, 1.123677, 0.011091
9.512120,  6.755334, 0.000000, 0.018410, 1.061087, 0.011035
9.487326,  6.740133, 0.000000, 0.017926, 1.034882, 0.010959
9.501713,  6.890038, 0.000000, 0.018686, 1.011461, 0.010245
9.655706,  6.732856, 0.000000, 0.019106, 1.037608, 0.010353
9.678929,  6.811822, 0.000000, 0.019348, 1.071344, 0.010480
9.596364,  6.810214, 0.000000, 0.018752, 1.030689, 0.010880
9.701937,  6.711678, 0.000000, 0.018472, 1.055492, 0.010133
9.526795,  6.732028, 0.000000, 0.019037, 1.063381, 0.011535
9.667591,  6.757641, 0.000000, 0.018620, 1.096984, 0.010261
10.039631,  6.780436, 0.000000, 0.018930, 1.079542, 0.010719
9.632267,  6.892898, 0.000000, 0.019057, 1.023441, 0.010807
9.824353,  6.793148, 0.000000, 0.018355, 1.049518, 0.010685
9.617913,  6.813982, 0.000000, 0.019300, 1.083437, 0.010833
9.666989,  6.742653, 0.000000, 0.019237, 1.024943, 0.012080
9.519639,  6.804652, 0.000000, 0.018238, 1.040108, 0.011396
9.548997,  6.787093, 0.000000, 0.017367, 1.138833, 0.011365
10.299813,  6.800694, 0.000000, 0.019033, 1.046209, 0.011450
9.788168,  6.856818, 0.000000, 0.018443, 0.994622, 0.010431
9.578773,  6.846376, 0.000000, 0.018897, 1.045572, 0.010670
9.729987,  6.862757, 0.000000, 0.018533, 1.087797, 0.010841
9.554383,  6.785834, 0.000000, 0.017512, 1.131204, 0.011449
10.228752,  6.723677, 0.000000, 0.018591, 1.029771, 0.011476
9.468741,  6.830868, 0.000000, 0.019130, 1.097653, 0.011032
9.548120,  6.877901, 0.000000, 0.019873, 1.086641, 0.011475
9.471631,  6.804192, 0.000000, 0.018976, 1.084179, 0.009904
10.081839,  6.813127, 0.000000, 0.018810, 1.024931, 0.011156
9.776557,  6.819928, 0.000000, 0.019009, 1.132044, 0.011268
9.610309,  6.760663, 0.000000, 0.019639, 1.003538, 0.010898
9.440669,  6.821542, 0.000000, 0.018966, 1.000233, 0.011367
9.588388,  6.754722, 0.000000, 0.016749, 1.125030, 0.010862
9.477844,  6.820015, 0.000000, 0.017784, 1.039505, 0.011650
9.581320,  6.820484, 0.000000, 0.018709, 1.121515, 0.011014
9.770631,  6.785278, 0.000000, 0.018734, 1.123777, 0.010859
10.338121,  6.865556, 0.000000, 0.018498, 1.085534, 0.011983
9.579647,  6.786844, 0.000000, 0.019187, 1.018295, 0.010321
9.591042,  6.834422, 0.000000, 0.018708, 1.104679, 0.010395
9.721481,  6.789078, 0.000000, 0.019095, 1.034004, 0.011117
9.573892,  6.837186, 0.000000, 0.019287, 1.102773, 0.010513
