100.249777,  98.970755, 0.059505, 1.146200, 0.000059, 0.021923
99.876737,  98.629841, 0.057569, 1.116611, 0.000058, 0.021535
99.990133,  98.730028, 0.059926, 1.126775, 0.000064, 0.021854
100.021520,  98.778626, 0.057723, 1.113263, 0.000059, 0.021475
100.145420,  98.893089, 0.058713, 1.120023, 0.000058, 0.021848
99.769163,  98.531336, 0.057761, 1.107660, 0.000059, 0.021297
99.980330,  98.705759, 0.061058, 1.139774, 0.000062, 0.021818
100.036580,  98.788041, 0.058669, 1.117684, 0.000055, 0.021528
99.892906,  98.646408, 0.061824, 1.112196, 0.000056, 0.021835
99.946515,  98.694702, 0.061657, 1.116587, 0.000056, 0.021930
99.385174,  98.143671, 0.058430, 1.110322, 0.000059, 0.021952
99.817605,  98.549914, 0.058767, 1.136550, 0.000056, 0.021637
100.096868,  98.855048, 0.057907, 1.111189, 0.000060, 0.021685
99.838270,  98.579167, 0.057874, 1.129525, 0.000059, 0.021380
100.001803,  98.766022, 0.054819, 1.107714, 0.000057, 0.021526
99.869801,  98.626681, 0.058048, 1.112046, 0.000058, 0.021755
99.837720,  98.601206, 0.057482, 1.106447, 0.000059, 0.021670
99.689661,  98.433240, 0.058138, 1.126488, 0.000059, 0.021405
99.797643,  98.545820, 0.061375, 1.117030, 0.000057, 0.021686
99.870725,  98.624312, 0.057980, 1.115140, 0.000059, 0.021598
100.008362,  98.756414, 0.058039, 1.121091, 0.000066, 0.021671
100.136012,  98.891046, 0.057478, 1.115282, 0.000058, 0.021474
99.980978,  98.747841, 0.058395, 1.102406, 0.000057, 0.021533
99.941784,  98.661734, 0.060980, 1.146169, 0.000072, 0.021527
99.746008,  98.498224, 0.057840, 1.116948, 0.000059, 0.021755
99.802360,  98.527290, 0.061006, 1.141222, 0.000056, 0.022112
99.823359,  98.572007, 0.058526, 1.120477, 0.000059, 0.021353
100.403890,  99.157283, 0.058335, 1.115342, 0.000058, 0.021763
99.858934,  98.564376, 0.059301, 1.163034, 0.000057, 0.021632
99.778513,  98.530259, 0.060644, 1.114187, 0.000057, 0.021599
100.091629,  98.845620, 0.058440, 1.114679, 0.000057, 0.021769
99.736802,  98.457161, 0.061370, 1.144476, 0.000064, 0.021949
99.706697,  98.444315, 0.057475, 1.132740, 0.000064, 0.021382
99.982008,  98.731882, 0.058568, 1.119316, 0.000060, 0.021292
99.746238,  98.502652, 0.057779, 1.112152, 0.000056, 0.021974
99.656158,  98.405353, 0.060284, 1.118118, 0.000072, 0.021495
99.757361,  98.513855, 0.059248, 1.111614, 0.000058, 0.021465
101.093999,  99.845012, 0.058788, 1.117813, 0.000058, 0.021401
99.706217,  98.469097, 0.057647, 1.107645, 0.000058, 0.021311
99.872198,  98.623647, 0.057911, 1.118577, 0.000057, 0.021429
99.667075,  98.427106, 0.057758, 1.108938, 0.000059, 0.021514
99.886262,  98.641841, 0.058789, 1.113121, 0.000059, 0.021458
99.543686,  98.298871, 0.058400, 1.113511, 0.000057, 0.021536
99.684197,  98.404182, 0.061695, 1.144824, 0.000062, 0.021796
99.853442,  98.614962, 0.058280, 1.107575, 0.000059, 0.021490
99.553014,  98.295674, 0.059150, 1.125285, 0.000070, 0.021959
104.644049,  103.355420, 0.058466, 1.155514, 0.000056, 0.021579
99.803302,  98.518776, 0.061082, 1.150812, 0.000060, 0.021655
99.548554,  98.301628, 0.058571, 1.115514, 0.000058, 0.021381
99.666830,  98.408138, 0.057802, 1.129344, 0.000058, 0.021363
56.173526,  55.186707, 0.053047, 0.511045, 0.287457, 0.038775
56.931243,  55.955799, 0.051893, 0.507779, 0.281361, 0.038164
55.965336,  54.990196, 0.057070, 0.501490, 0.277130, 0.039301
57.652513,  55.158811, 0.056825, 0.509738, 0.290394, 0.037166
56.057207,  55.020691, 0.052346, 0.518904, 0.289041, 0.037301
56.608036,  55.618977, 0.050583, 0.513255, 0.285481, 0.037848
56.082375,  55.099212, 0.053583, 0.507428, 0.286442, 0.038962
56.593251,  55.594980, 0.052962, 0.516682, 0.289996, 0.038588
56.187632,  55.194899, 0.052882, 0.508728, 0.291615, 0.037880
56.150158,  55.167636, 0.058445, 0.505732, 0.276595, 0.038212
57.190308,  56.167611, 0.053533, 0.505889, 0.284740, 0.037337
56.663458,  55.678239, 0.056224, 0.503620, 0.284919, 0.039679
56.075413,  54.986076, 0.051878, 0.504106, 0.286266, 0.037312
56.111894,  55.088588, 0.053168, 0.506429, 0.284901, 0.036838
56.167000,  55.193480, 0.054708, 0.498491, 0.279265, 0.038244
56.150471,  55.169721, 0.055420, 0.506736, 0.285527, 0.038805
55.995969,  55.011901, 0.051339, 0.503387, 0.278151, 0.036892
57.401300,  56.366225, 0.046297, 0.502585, 0.288377, 0.037532
56.065651,  55.063627, 0.051120, 0.497396, 0.281457, 0.037142
56.256516,  55.241052, 0.051118, 0.528713, 0.281591, 0.037405
56.132820,  55.068950, 0.054144, 0.506673, 0.288506, 0.037823
56.352062,  55.381686, 0.051428, 0.503793, 0.280077, 0.037767
56.859002,  55.890430, 0.053345, 0.501239, 0.277963, 0.037938
56.102551,  55.110380, 0.056421, 0.511515, 0.285941, 0.037504
56.310135,  55.204799, 0.050888, 0.500236, 0.287704, 0.038348
56.250200,  55.261462, 0.054692, 0.508549, 0.286165, 0.038103
56.156654,  55.148687, 0.052906, 0.508762, 0.288817, 0.037950
56.197578,  55.195006, 0.052166, 0.500720, 0.280160, 0.038136
56.665955,  55.031759, 0.049901, 0.504414, 0.279619, 0.037912
56.226111,  55.254724, 0.052840, 0.506408, 0.280979, 0.037808
55.894112,  54.855779, 0.053880, 0.500184, 0.278178, 0.038425
56.195112,  55.207390, 0.054475, 0.510667, 0.286038, 0.038506
56.162988,  55.193382, 0.049312, 0.505710, 0.280782, 0.037570
55.918819,  54.907193, 0.054610, 0.507921, 0.279568, 0.037338
56.099729,  55.109240, 0.050690, 0.503069, 0.285121, 0.037645
56.225695,  55.218708, 0.055233, 0.506696, 0.293137, 0.037406
56.365210,  55.377302, 0.051527, 0.511180, 0.288270, 0.037776
55.966259,  54.966293, 0.054125, 0.512883, 0.289050, 0.037883
56.186824,  55.216141, 0.052280, 0.500400, 0.276889, 0.037169
55.823631,  54.860365, 0.052952, 0.494623, 0.275855, 0.037578
56.045242,  54.946003, 0.055775, 0.505098, 0.280051, 0.037929
55.854429,  54.805542, 0.052274, 0.498510, 0.280383, 0.037212
56.280130,  55.134691, 0.057835, 0.511405, 0.288544, 0.037825
56.051628,  55.060023, 0.053651, 0.505923, 0.285283, 0.037636
55.955739,  54.958511, 0.053951, 0.501263, 0.278145, 0.037345
56.290566,  55.303884, 0.056149, 0.507675, 0.284787, 0.037666
56.058229,  55.069211, 0.051314, 0.498677, 0.274966, 0.036851
56.150043,  55.169047, 0.056493, 0.502869, 0.286155, 0.037781
56.058672,  55.063365, 0.059275, 0.506127, 0.286562, 0.038048
56.200129,  55.239125, 0.051400, 0.499975, 0.278132, 0.037898
36.367923,  34.818911, 0.067359, 0.262087, 0.461386, 0.033340
36.120309,  34.777262, 0.067574, 0.262377, 0.470103, 0.030057
36.625779,  34.540898, 0.040686, 0.260030, 0.458389, 0.030747
36.286699,  34.801997, 0.042908, 0.365471, 0.456207, 0.029685
36.081170,  34.706306, 0.067579, 0.263117, 0.455468, 0.030228
36.473271,  34.994587, 0.066202, 0.367796, 0.461000, 0.029833
36.332078,  34.771873, 0.046946, 0.257435, 0.466978, 0.031161
36.692119,  34.681906, 0.068591, 0.375898, 0.453113, 0.032804
36.296676,  34.751520, 0.069157, 0.262117, 0.464087, 0.029739
36.298199,  34.828508, 0.048109, 0.366820, 0.454752, 0.029665
36.403907,  34.919654, 0.053011, 0.368101, 0.454598, 0.029523
36.456086,  34.976347, 0.052365, 0.254353, 0.457096, 0.029560
36.186714,  34.712710, 0.047348, 0.255831, 0.459180, 0.030150
36.293963,  34.768783, 0.065417, 0.264675, 0.464239, 0.030571
36.254894,  34.805966, 0.064329, 0.371734, 0.462344, 0.029956
36.318714,  34.900257, 0.066813, 0.263386, 0.455731, 0.029697
36.349818,  34.615517, 0.043711, 0.257596, 0.452057, 0.030691
36.220176,  34.805196, 0.068719, 0.262384, 0.463151, 0.033707
36.561555,  34.922016, 0.067960, 0.261523, 0.456286, 0.029469
36.361808,  34.690906, 0.067848, 0.262936, 0.459254, 0.029678
36.824203,  34.834441, 0.067912, 0.260907, 0.455667, 0.029470
36.293173,  34.809707, 0.067383, 0.374497, 0.455589, 0.029570
36.275425,  34.717159, 0.067607, 0.372098, 0.461423, 0.029532
36.579521,  34.771840, 0.067567, 0.372085, 0.460509, 0.029991
36.389491,  34.713966, 0.044936, 0.254348, 0.468731, 0.029105
36.227659,  34.629450, 0.068163, 0.379072, 0.457108, 0.029828
36.129134,  34.658245, 0.067476, 0.258406, 0.454186, 0.029296
36.297872,  34.808998, 0.067904, 0.260404, 0.507804, 0.030109
36.296711,  34.882037, 0.055126, 0.259391, 0.459775, 0.030167
36.215218,  34.790955, 0.048572, 0.371166, 0.454595, 0.029577
37.147369,  34.737449, 0.067282, 0.262364, 0.498553, 0.030504
36.212010,  34.798245, 0.041480, 0.257202, 0.466475, 0.029632
36.219024,  34.648823, 0.040775, 0.257314, 0.459746, 0.029561
36.645924,  34.703129, 0.064256, 0.369779, 0.457921, 0.029810
36.287868,  34.679613, 0.040762, 0.363965, 0.461886, 0.029465
36.220358,  34.712874, 0.068103, 0.262897, 0.456498, 0.029614
36.309710,  34.765142, 0.041799, 0.255358, 0.459256, 0.029509
37.118043,  34.859670, 0.067265, 0.373646, 0.457687, 0.029883
36.323679,  34.895272, 0.068571, 0.262338, 0.457088, 0.029604
36.132665,  34.492187, 0.040647, 0.370301, 0.499540, 0.029163
36.270109,  34.729748, 0.061021, 0.374142, 0.459464, 0.029487
36.783513,  34.728039, 0.040396, 0.250727, 0.462792, 0.029163
36.137783,  34.612300, 0.067169, 0.261525, 0.457921, 0.030146
36.359698,  34.919584, 0.067847, 0.260752, 0.455846, 0.030253
36.175632,  34.737088, 0.064953, 0.266734, 0.501208, 0.030324
36.223094,  34.764840, 0.066496, 0.369243, 0.455683, 0.029645
36.390086,  34.915692, 0.063359, 0.371106, 0.453980, 0.029161
36.250349,  34.772754, 0.041676, 0.362570, 0.457641, 0.029226
36.638207,  35.197694, 0.067432, 0.371433, 0.497937, 0.029658
36.433809,  34.844913, 0.053239, 0.371037, 0.460041, 0.029438
24.053562,  22.033255, 0.040069, 0.129811, 0.541859, 0.027322
24.312928,  22.018131, 0.040254, 0.186313, 0.543520, 0.028339
23.922788,  21.999888, 0.057453, 0.130975, 0.529577, 0.027171
24.120885,  22.177438, 0.044837, 0.182811, 0.547639, 0.027341
24.078237,  22.029910, 0.040485, 0.130163, 0.536160, 0.027123
23.993259,  22.078475, 0.060902, 0.130894, 0.533516, 0.027152
23.987090,  22.072815, 0.044930, 0.130398, 0.541270, 0.027275
23.990567,  22.063560, 0.047824, 0.129608, 0.538816, 0.027269
24.110828,  22.061192, 0.040469, 0.131075, 0.535104, 0.028156
24.135147,  22.032063, 0.040403, 0.129870, 0.538465, 0.027687
23.972741,  22.034174, 0.042542, 0.130641, 0.654788, 0.028243
24.032752,  22.020918, 0.040422, 0.128920, 0.540134, 0.027022
24.015170,  22.020009, 0.057833, 0.182054, 0.544033, 0.027464
24.226629,  22.348942, 0.041875, 0.130091, 0.641757, 0.027327
24.015153,  22.093947, 0.060066, 0.133075, 0.535838, 0.027471
23.983105,  22.042387, 0.041854, 0.128326, 0.538880, 0.027364
24.258383,  22.362281, 0.057592, 0.131821, 0.536185, 0.027139
24.130408,  22.027545, 0.061734, 0.181745, 0.534159, 0.027256
24.022682,  22.074587, 0.066642, 0.134989, 0.536648, 0.027278
24.150810,  22.066735, 0.040243, 0.130349, 0.540781, 0.027891
24.007021,  22.077663, 0.061154, 0.132517, 0.537773, 0.028247
23.915491,  22.027741, 0.042648, 0.128956, 0.657803, 0.027746
24.277765,  21.990358, 0.040211, 0.129067, 0.546050, 0.027384
23.983574,  22.018690, 0.040569, 0.129128, 0.538376, 0.029194
24.212412,  22.043107, 0.040275, 0.129664, 0.533557, 0.028038
23.999164,  22.121327, 0.059958, 0.133698, 0.536228, 0.027259
24.016049,  22.079429, 0.066311, 0.133966, 0.543170, 0.028462
24.187497,  22.109541, 0.057777, 0.131414, 0.534103, 0.027881
24.214754,  22.300143, 0.040534, 0.130333, 0.540577, 0.028795
23.994069,  22.009742, 0.063691, 0.136133, 0.537899, 0.028110
23.984713,  21.940876, 0.040335, 0.129182, 0.529044, 0.027951
24.123183,  22.002418, 0.040165, 0.128480, 0.635477, 0.027941
24.212197,  22.135359, 0.041206, 0.130717, 0.539953, 0.027336
24.397247,  22.061001, 0.040149, 0.128720, 0.541328, 0.027397
24.036430,  22.046930, 0.042609, 0.185557, 0.538087, 0.027182
24.049681,  22.051349, 0.064274, 0.185910, 0.539865, 0.029157
24.129122,  21.995681, 0.040235, 0.129370, 0.535808, 0.028078
24.132715,  22.049196, 0.040125, 0.130034, 0.533227, 0.027431
24.025475,  22.021045, 0.059990, 0.133663, 0.653514, 0.027442
24.096437,  22.082396, 0.040407, 0.128396, 0.527755, 0.027577
23.942052,  22.021480, 0.061688, 0.131603, 0.642863, 0.028181
24.049087,  22.034515, 0.061466, 0.131871, 0.541221, 0.027065
24.181406,  22.058636, 0.040032, 0.129627, 0.536248, 0.027291
24.113443,  22.023226, 0.058589, 0.132630, 0.654051, 0.028447
23.959098,  22.024766, 0.053471, 0.130599, 0.546222, 0.028067
23.932936,  22.027293, 0.040602, 0.128485, 0.537321, 0.027362
23.978187,  22.048905, 0.060540, 0.131856, 0.532322, 0.027900
24.221933,  22.001889, 0.057625, 0.132190, 0.533730, 0.028036
24.031270,  22.071603, 0.043516, 0.130165, 0.536136, 0.027512
23.999000,  22.062005, 0.063098, 0.132063, 0.539235, 0.028342
17.103569,  13.377310, 0.039771, 0.061311, 0.593564, 0.027530
17.078915,  13.356709, 0.034330, 0.063621, 0.576183, 0.027005
17.035403,  13.387788, 0.035449, 0.064536, 0.575336, 0.027355
17.061174,  13.400876, 0.039813, 0.094272, 0.586777, 0.027179
17.234991,  13.401671, 0.034369, 0.063506, 0.576662, 0.027305
17.304083,  13.483407, 0.039944, 0.096968, 0.592097, 0.027654
17.226177,  13.380529, 0.039739, 0.065749, 0.587648, 0.027667
17.287359,  13.428533, 0.034555, 0.060868, 0.573912, 0.027581
17.013393,  13.354638, 0.034724, 0.063753, 0.574843, 0.027681
17.218720,  13.371275, 0.034272, 0.062250, 0.568961, 0.027195
17.050853,  13.412008, 0.062376, 0.068299, 0.582983, 0.027808
17.195001,  13.459828, 0.040259, 0.102974, 0.581819, 0.027617
17.079587,  13.458608, 0.040028, 0.060518, 0.586703, 0.028105
17.091754,  13.415685, 0.040140, 0.064230, 0.584268, 0.027667
17.143871,  13.421318, 0.040501, 0.098350, 0.590827, 0.027720
17.308225,  13.369567, 0.039699, 0.101716, 0.584850, 0.027449
17.394263,  13.475895, 0.039718, 0.067568, 0.588361, 0.027560
17.112413,  13.429014, 0.040005, 0.065289, 0.586393, 0.027575
17.120520,  13.480021, 0.040076, 0.067698, 0.582513, 0.026160
17.265582,  13.439747, 0.034682, 0.093443, 0.580210, 0.027523
16.980770,  13.438771, 0.037736, 0.060369, 0.579597, 0.027546
16.979924,  13.480371, 0.055403, 0.066429, 0.587408, 0.027318
17.147224,  13.475426, 0.034814, 0.057404, 0.574066, 0.027378
17.029657,  13.449600, 0.034683, 0.095786, 0.573682, 0.027583
16.931859,  13.461633, 0.034615, 0.093021, 0.573175, 0.028218
17.204911,  13.397442, 0.039966, 0.066842, 0.581870, 0.027352
17.042503,  13.418171, 0.035537, 0.062453, 0.570758, 0.027407
17.398569,  13.428303, 0.034715, 0.063985, 0.575103, 0.027354
17.517906,  13.583921, 0.040286, 0.059965, 0.769121, 0.027349
17.151105,  13.405462, 0.040004, 0.067231, 0.706964, 0.027096
17.112263,  13.391762, 0.034943, 0.096178, 0.573631, 0.026485
16.980627,  13.427067, 0.034627, 0.057654, 0.572799, 0.027377
17.186572,  13.435442, 0.040262, 0.060744, 0.590308, 0.027637
17.291500,  13.478069, 0.039926, 0.066786, 0.585019, 0.028223
17.099343,  13.367202, 0.034420, 0.058254, 0.571125, 0.027035
17.102089,  13.363692, 0.034689, 0.058348, 0.574836, 0.027245
17.046269,  13.446422, 0.045754, 0.070231, 0.585567, 0.027377
17.316553,  13.397644, 0.039978, 0.065908, 0.586425, 0.027589
17.563527,  13.438174, 0.041008, 0.060596, 0.585998, 0.026228
17.270989,  13.484425, 0.041045, 0.099571, 0.595765, 0.030862
17.084247,  13.471042, 0.035317, 0.060319, 0.574236, 0.027351
17.256562,  13.482414, 0.039825, 0.060307, 0.581135, 0.027150
17.206912,  13.363335, 0.039906, 0.065580, 0.584550, 0.027485
17.026185,  13.413956, 0.034798, 0.066042, 0.575622, 0.027828
17.114211,  13.338010, 0.043420, 0.066950, 0.581771, 0.027771
17.058614,  13.474387, 0.039646, 0.091596, 0.584564, 0.027280
17.105381,  13.545680, 0.039673, 0.065834, 0.583763, 0.027385
17.296893,  13.510634, 0.034877, 0.095319, 0.571402, 0.026739
17.075773,  13.449973, 0.034446, 0.063771, 0.570846, 0.026984
17.061312,  13.453981, 0.034589, 0.065733, 0.634889, 0.027129
11.674250,  8.566588, 0.036113, 0.039458, 0.973454, 0.053220
11.655914,  8.318786, 0.035803, 0.031146, 1.034931, 0.054638
11.477600,  8.401823, 0.035952, 0.029912, 1.021857, 0.058530
11.756444,  8.529057, 0.035824, 0.038968, 0.940160, 0.057391
11.550345,  8.428785, 0.036029, 0.040516, 0.968386, 0.055198
11.447392,  8.372818, 0.035888, 0.030611, 0.882083, 0.058052
11.522157,  8.462690, 0.036212, 0.032089, 0.879102, 0.058031
11.836331,  8.412825, 0.035908, 0.032436, 0.954706, 0.053576
11.753779,  8.367897, 0.036112, 0.038398, 0.978911, 0.056127
11.463606,  8.442185, 0.035988, 0.038835, 0.872283, 0.053919
11.812815,  8.473636, 0.035996, 0.030151, 0.975885, 0.056570
11.567466,  8.381143, 0.035932, 0.031454, 0.994351, 0.054654
11.513980,  8.392416, 0.041515, 0.034408, 1.124554, 0.059671
11.391550,  8.433726, 0.035886, 0.027779, 1.002858, 0.053188
11.820783,  8.382703, 0.036514, 0.035813, 1.051732, 0.052640
11.449586,  8.454802, 0.035955, 0.024896, 0.933946, 0.053585
11.537685,  8.414615, 0.042440, 0.038469, 1.020531, 0.052945
11.494218,  8.421413, 0.035994, 0.030702, 0.930146, 0.054703
11.649768,  8.436678, 0.036060, 0.034780, 0.919775, 0.056600
11.556204,  8.483771, 0.036035, 0.038004, 1.059370, 0.057814
11.473189,  8.439579, 0.036053, 0.033617, 0.889978, 0.053750
11.500755,  8.448124, 0.036032, 0.040025, 1.020585, 0.054480
11.470614,  8.349936, 0.036227, 0.040345, 0.821154, 0.054419
11.803589,  8.461250, 0.036205, 0.023922, 0.980856, 0.058819
11.466701,  8.475484, 0.036314, 0.033052, 1.050425, 0.057250
11.570634,  8.495155, 0.036141, 0.023895, 0.962451, 0.053373
11.424043,  8.385297, 0.036665, 0.030445, 1.010059, 0.054012
11.496986,  8.472148, 0.046658, 0.036477, 1.012470, 0.054222
11.435396,  8.431985, 0.036190, 0.036288, 0.930278, 0.054083
11.563913,  8.456363, 0.036068, 0.030244, 1.093477, 0.054257
11.438586,  8.441840, 0.036070, 0.022801, 1.107322, 0.054760
11.465748,  8.480738, 0.035942, 0.032009, 0.962710, 0.054674
11.510838,  8.373614, 0.036383, 0.040567, 0.831175, 0.053342
11.599745,  8.489459, 0.036069, 0.032850, 0.889073, 0.053614
11.707950,  8.394788, 0.036142, 0.035136, 1.030040, 0.055036
11.466297,  8.377786, 0.036085, 0.034502, 0.941514, 0.057986
11.510918,  8.386973, 0.036036, 0.037687, 1.054028, 0.057090
11.546385,  8.435650, 0.036162, 0.034530, 0.996403, 0.053278
11.505057,  8.420688, 0.036073, 0.034191, 0.962850, 0.054110
11.683752,  8.387068, 0.035980, 0.030596, 0.992090, 0.053489
11.591767,  8.425275, 0.035854, 0.041312, 1.013872, 0.054655
11.686542,  8.431949, 0.035960, 0.031902, 0.990476, 0.052749
11.787856,  8.378354, 0.035918, 0.040412, 1.016368, 0.057610
11.684444,  8.466694, 0.036352, 0.038591, 0.950545, 0.053471
11.721629,  8.475602, 0.037134, 0.033741, 0.996526, 0.055091
11.505350,  8.456408, 0.036190, 0.035221, 0.973772, 0.054410
11.474669,  8.465231, 0.035891, 0.031173, 1.006645, 0.053747
11.787926,  8.524324, 0.036121, 0.040710, 0.979299, 0.057028
11.584474,  8.510694, 0.035871, 0.032961, 1.035559, 0.057181
11.599981,  8.438349, 0.036216, 0.034959, 0.943121, 0.056700
9.944319,  6.595464, 0.036589, 0.018087, 1.120965, 0.039723
9.479229,  6.617309, 0.036135, 0.017105, 1.205416, 0.041601
9.671409,  6.700847, 0.036080, 0.017417, 1.228537, 0.037801
9.488915,  6.592687, 0.036545, 0.017729, 1.132573, 0.041729
9.789861,  6.664382, 0.036539, 0.018119, 1.170798, 0.037971
9.458816,  6.645529, 0.035835, 0.015639, 1.177479, 0.041546
9.512405,  6.646385, 0.036008, 0.018692, 1.181792, 0.038996
9.500769,  6.574085, 0.039453, 0.019944, 1.125029, 0.038824
9.663378,  6.639033, 0.035988, 0.019076, 1.175247, 0.040505
9.515981,  6.732611, 0.036129, 0.016379, 1.151127, 0.040110
9.525920,  6.602334, 0.036024, 0.017516, 1.180049, 0.041753
9.608612,  6.647856, 0.035866, 0.018675, 1.080555, 0.039152
9.524540,  6.548287, 0.035936, 0.016041, 1.133187, 0.041174
9.437936,  6.634917, 0.036065, 0.016124, 1.088025, 0.042027
9.469113,  6.610814, 0.036367, 0.018340, 1.118522, 0.038295
10.044989,  6.674107, 0.036593, 0.019594, 1.174943, 0.038146
9.448481,  6.617745, 0.037094, 0.017405, 1.074698, 0.041358
9.488418,  6.674331, 0.036000, 0.016603, 1.155585, 0.041183
9.427742,  6.664243, 0.035932, 0.018966, 1.194096, 0.041757
9.448401,  6.578140, 0.036012, 0.018065, 1.098273, 0.041796
9.601824,  6.818210, 0.041565, 0.017549, 1.214506, 0.038239
9.419317,  6.569553, 0.035834, 0.015732, 1.188823, 0.039245
9.486015,  6.614752, 0.036083, 0.018945, 1.068702, 0.040200
9.685351,  6.592609, 0.036101, 0.017923, 1.165643, 0.038706
10.275850,  6.611817, 0.035979, 0.014647, 1.193728, 0.038415
9.396228,  6.605311, 0.035866, 0.015882, 1.087292, 0.041128
9.520689,  6.743995, 0.036194, 0.015558, 1.181239, 0.042088
9.469660,  6.614277, 0.036315, 0.019735, 1.166235, 0.041862
9.617481,  6.600594, 0.036005, 0.019721, 1.194383, 0.041230
9.515096,  6.659072, 0.036043, 0.017897, 1.116113, 0.038267
9.558074,  6.613985, 0.036141, 0.018549, 1.188159, 0.038519
9.451437,  6.682398, 0.036345, 0.017755, 1.150178, 0.039945
9.623178,  6.656888, 0.036211, 0.015823, 1.163199, 0.041551
9.700877,  6.589275, 0.036354, 0.016028, 1.221520, 0.037127
9.548782,  6.634167, 0.035995, 0.017655, 1.148514, 0.040516
9.917240,  6.555989, 0.036454, 0.018681, 1.108367, 0.038026
9.522002,  6.599371, 0.036118, 0.016887, 1.091581, 0.040061
9.968342,  6.568392, 0.036393, 0.020168, 1.135111, 0.036852
9.456374,  6.696233, 0.036046, 0.019290, 1.097417, 0.040661
9.485885,  6.580689, 0.036223, 0.017856, 1.160460, 0.040971
9.464387,  6.616109, 0.036041, 0.016691, 1.116237, 0.041588
9.494344,  6.699711, 0.036188, 0.016107, 1.172470, 0.038842
9.880302,  6.559584, 0.036002, 0.018361, 1.107342, 0.037223
9.905899,  6.806323, 0.036048, 0.020047, 1.111119, 0.036763
9.506333,  6.598328, 0.035996, 0.017897, 1.248595, 0.042433
9.432124,  6.649425, 0.036458, 0.019002, 1.056552, 0.041406
9.460388,  6.611246, 0.036314, 0.019092, 1.249492, 0.038903
9.550064,  6.660641, 0.036017, 0.019227, 1.119745, 0.037899
9.733406,  6.681276, 0.036352, 0.018427, 1.181662, 0.041678
10.158595,  6.644338, 0.036716, 0.018954, 1.181836, 0.039106
