34.864573,  25.992912, 0.000000, 0.604938, 5.510868, 0.029181
34.070882,  26.153147, 0.000000, 0.596755, 4.703180, 0.028362
33.841797,  25.946860, 0.000000, 0.602931, 4.745718, 0.028348
34.235860,  26.341827, 0.000000, 0.603569, 4.721844, 0.028066
34.175312,  25.875060, 0.000000, 0.600342, 4.739055, 0.028182
34.167655,  25.848632, 0.000000, 0.607917, 4.731211, 0.028204
33.979182,  25.952451, 0.000000, 0.609754, 4.807171, 0.028750
34.252149,  25.897920, 0.000000, 0.598516, 4.707009, 0.028758
34.044964,  26.032119, 0.000000, 0.610955, 4.750948, 0.027804
34.050252,  25.820718, 0.000000, 0.599459, 4.734541, 0.028348
34.087432,  25.876502, 0.000000, 0.596548, 4.780411, 0.028453
33.860151,  25.954682, 0.000000, 0.607998, 4.618269, 0.027994
34.423140,  25.903337, 0.000000, 0.579421, 4.745351, 0.027690
33.921654,  25.870055, 0.000000, 0.607941, 4.698969, 0.028231
33.984485,  26.237266, 0.000000, 0.612209, 4.687968, 0.028331
33.904151,  25.939067, 0.000000, 0.599147, 4.674471, 0.028170
33.776450,  25.886677, 0.000000, 0.601400, 4.712628, 0.029110
33.958333,  25.935280, 0.000000, 0.596802, 4.694156, 0.028488
34.283504,  26.068832, 0.000000, 0.601090, 4.763376, 0.028794
33.970867,  25.867631, 0.000000, 0.605931, 4.763439, 0.028336
34.052018,  26.007006, 0.000000, 0.601687, 4.785586, 0.028557
33.941747,  25.992067, 0.000000, 0.607672, 4.725284, 0.028045
34.059047,  26.003964, 0.000000, 0.611736, 4.609810, 0.028341
33.926978,  25.814022, 0.000000, 0.597216, 4.641994, 0.028332
34.055666,  26.306675, 0.000000, 0.603718, 4.792943, 0.028222
34.258057,  26.008678, 0.000000, 0.592616, 4.746569, 0.028547
34.218802,  26.021384, 0.000000, 0.609114, 4.724464, 0.028428
34.304476,  26.231813, 0.000000, 0.608644, 4.793530, 0.028285
33.960384,  26.040997, 0.000000, 0.603886, 4.713023, 0.028063
33.927936,  25.817998, 0.000000, 0.601942, 4.786027, 0.028615
33.879506,  25.885062, 0.000000, 0.597754, 4.730755, 0.028288
34.192817,  25.991197, 0.000000, 0.599303, 4.737972, 0.028355
33.809613,  25.962957, 0.000000, 0.605559, 4.728785, 0.028546
34.119793,  25.892365, 0.000000, 0.592485, 4.712494, 0.028709
34.502780,  25.954831, 0.000000, 0.599209, 4.815971, 0.028293
34.833135,  25.896009, 0.000000, 0.602494, 4.847793, 0.028570
33.957392,  26.017703, 0.000000, 0.609949, 4.706807, 0.028970
33.928186,  25.990833, 0.000000, 0.599851, 4.726728, 0.028660
33.913337,  25.867913, 0.000000, 0.600999, 4.767552, 0.028344
33.934835,  25.943749, 0.000000, 0.598617, 4.788074, 0.028474
33.751443,  25.758922, 0.000000, 0.606053, 4.703573, 0.028222
33.847544,  25.912792, 0.000000, 0.595112, 4.538814, 0.028801
34.237324,  25.928024, 0.000000, 0.605027, 4.762643, 0.028676
33.824768,  26.058436, 0.000000, 0.595020, 4.715373, 0.028486
33.858872,  26.051551, 0.000000, 0.607033, 4.726225, 0.028601
33.862233,  25.864670, 0.000000, 0.590152, 4.672032, 0.028514
34.324997,  25.948180, 0.000000, 0.602425, 4.768283, 0.028605
33.938412,  25.860001, 0.000000, 0.605970, 4.759378, 0.029025
34.263363,  26.012650, 0.000000, 0.603049, 4.733105, 0.028454
33.858411,  25.830044, 0.000000, 0.598402, 4.711342, 0.028578
71.993964,  47.695716, 0.000000, 0.618657, 14.993251, 0.031479
72.022267,  47.457094, 0.000000, 0.647135, 14.980520, 0.031321
72.042342,  47.377956, 0.000000, 0.636479, 15.007760, 0.033218
71.587918,  47.445825, 0.000000, 0.643026, 14.214938, 0.034693
72.251686,  47.302288, 0.000000, 0.626689, 15.228169, 0.031968
71.761734,  47.364879, 0.000000, 0.650582, 14.972932, 0.032185
72.018156,  47.590312, 0.000000, 0.641818, 14.994533, 0.031671
72.270567,  47.829311, 0.000000, 0.633152, 14.982199, 0.031595
71.895949,  47.549384, 0.000000, 0.629465, 14.943510, 0.032045
72.072178,  47.383542, 0.000000, 0.642419, 14.945811, 0.032015
72.082336,  47.457980, 0.000000, 0.626150, 14.802111, 0.031701
71.847730,  47.693690, 0.000000, 0.636495, 14.864489, 0.032849
72.218103,  47.533572, 0.000000, 0.634975, 15.047363, 0.031823
71.693494,  47.338719, 0.000000, 0.617347, 14.995909, 0.031314
72.340814,  47.508215, 0.000000, 0.644021, 15.050447, 0.031799
72.091795,  47.412872, 0.000000, 0.622498, 15.073354, 0.032153
72.173293,  47.428274, 0.000000, 0.630873, 14.790871, 0.034510
72.054936,  47.411628, 0.000000, 0.640515, 15.073408, 0.031844
71.941096,  47.441908, 0.000000, 0.645276, 14.852607, 0.032548
72.071093,  47.677832, 0.000000, 0.633407, 14.999328, 0.031175
72.213515,  47.418155, 0.000000, 0.643170, 14.942795, 0.033458
71.810140,  47.251266, 0.000000, 0.621257, 15.077327, 0.031323
72.051292,  47.519302, 0.000000, 0.633177, 14.974378, 0.034005
71.295430,  47.498138, 0.000000, 0.615094, 14.525141, 0.031479
72.072734,  47.459973, 0.000000, 0.634121, 14.986952, 0.032051
72.339493,  47.658787, 0.000000, 0.631153, 14.791750, 0.031362
72.052242,  47.503671, 0.000000, 0.622336, 14.955207, 0.032543
72.052945,  47.428903, 0.000000, 0.641976, 15.060992, 0.031644
71.641871,  47.465854, 0.000000, 0.627914, 14.825399, 0.033519
72.260837,  47.357192, 0.000000, 0.643403, 15.205513, 0.031821
72.051215,  47.377749, 0.000000, 0.641394, 15.027744, 0.031393
71.867714,  47.489399, 0.000000, 0.625120, 14.791473, 0.032164
71.803923,  47.305107, 0.000000, 0.638775, 14.923030, 0.031810
72.615417,  47.427679, 0.000000, 0.628341, 15.121888, 0.031445
71.436553,  47.352799, 0.000000, 0.624924, 14.532000, 0.032999
72.042181,  47.441736, 0.000000, 0.610561, 14.790168, 0.032472
71.856310,  47.424903, 0.000000, 0.639375, 14.935284, 0.032434
71.957035,  47.423353, 0.000000, 0.650279, 14.905691, 0.031690
73.056710,  47.446691, 0.000000, 0.640233, 14.988043, 0.033339
71.907813,  47.362125, 0.000000, 0.644778, 14.952294, 0.031272
71.911390,  47.459437, 0.000000, 0.641493, 14.900660, 0.032725
72.370716,  47.524966, 0.000000, 0.627512, 14.998801, 0.031416
72.255843,  47.602383, 0.000000, 0.632552, 15.071005, 0.033970
71.826014,  47.833402, 0.000000, 0.622534, 15.006820, 0.031599
72.045580,  47.591427, 0.000000, 0.641599, 14.915292, 0.032293
72.093050,  47.583401, 0.000000, 0.626440, 15.033835, 0.031294
71.684381,  47.292214, 0.000000, 0.635381, 14.885092, 0.031470
72.235911,  47.334100, 0.000000, 0.813226, 14.909880, 0.031257
72.032212,  47.485689, 0.000000, 0.652929, 15.005877, 0.032860
72.113793,  47.432346, 0.000000, 0.636032, 15.025070, 0.032566
137.615831,  81.133792, 0.000000, 0.621392, 31.522675, 0.043118
138.552038,  81.413079, 0.000000, 0.610243, 32.385353, 0.043253
138.668417,  81.408712, 0.000000, 0.611108, 31.867081, 0.043306
137.393697,  81.558239, 0.000000, 0.616102, 30.491747, 0.043682
136.130192,  81.228647, 0.000000, 0.617414, 29.466884, 0.043586
138.230204,  80.688906, 0.000000, 0.620103, 31.398976, 0.041449
135.239476,  81.405366, 0.000000, 0.607674, 28.395259, 0.043445
137.517299,  81.674290, 0.000000, 0.612997, 31.560106, 0.043260
137.505179,  81.548545, 0.000000, 0.624410, 30.365491, 0.043099
138.483390,  81.449880, 0.000000, 0.621680, 31.438517, 0.043693
136.483167,  81.393826, 0.000000, 0.609056, 28.771969, 0.041883
138.309247,  81.513340, 0.000000, 0.614050, 30.565179, 0.043097
139.391523,  81.439756, 0.000000, 0.620209, 30.318863, 0.043201
136.882879,  81.581282, 0.000000, 0.614632, 30.164905, 0.043056
137.203954,  80.699779, 0.000000, 0.609097, 30.062746, 0.042700
139.159177,  81.421848, 0.000000, 0.611876, 31.542240, 0.044791
135.739918,  81.301735, 0.000000, 0.613990, 29.967586, 0.043029
137.156527,  81.971759, 0.000000, 0.614678, 30.880404, 0.042659
136.654985,  81.590996, 0.000000, 0.613976, 30.329702, 0.043772
137.589526,  81.450750, 0.000000, 0.612488, 32.086057, 0.043053
137.007516,  81.380044, 0.000000, 0.613700, 29.961737, 0.043047
138.111286,  81.420077, 0.000000, 0.624687, 30.977056, 0.041765
139.740430,  81.028692, 0.000000, 0.615062, 30.287524, 0.044679
138.585515,  81.477197, 0.000000, 0.617464, 30.323535, 0.042881
138.784572,  81.187825, 0.000000, 0.613686, 30.812541, 0.045606
136.714231,  81.336746, 0.000000, 0.609133, 28.409894, 0.042746
136.852075,  81.596623, 0.000000, 0.614481, 28.691062, 0.043338
138.151543,  81.601514, 0.000000, 0.610920, 31.295675, 0.043813
138.081072,  82.381866, 0.000000, 0.607538, 31.651297, 0.046438
138.113703,  81.672856, 0.000000, 0.614917, 31.771830, 0.044902
136.769787,  81.631848, 0.000000, 0.622405, 30.905931, 0.043143
136.583177,  81.356699, 0.000000, 0.610934, 29.991027, 0.043017
137.556488,  81.383805, 0.000000, 0.611402, 30.063045, 0.042971
137.836159,  81.265179, 0.000000, 0.616870, 28.057174, 0.042743
137.975457,  81.635754, 0.000000, 0.613191, 30.943332, 0.043071
139.831454,  81.379077, 0.000000, 0.612637, 31.630098, 0.043276
136.788429,  81.283696, 0.000000, 0.616199, 30.120749, 0.043479
136.342507,  81.175816, 0.000000, 0.613851, 29.985441, 0.042935
136.938434,  81.543929, 0.000000, 0.625468, 30.768619, 0.042250
137.739014,  81.152297, 0.000000, 0.615400, 31.178348, 0.042727
138.572109,  81.532449, 0.000000, 0.619818, 32.232732, 0.042647
137.968886,  81.779467, 0.000000, 0.619616, 30.464484, 0.043350
137.809326,  81.565066, 0.000000, 0.615337, 31.206698, 0.042891
138.556595,  81.172973, 0.000000, 0.614381, 30.417443, 0.042718
136.737827,  81.286512, 0.000000, 0.612144, 30.543057, 0.043461
138.579051,  81.374084, 0.000000, 0.612066, 31.452684, 0.043071
138.351038,  81.201892, 0.000000, 0.613114, 31.508838, 0.043000
137.346960,  81.523241, 0.000000, 0.616072, 30.947178, 0.041968
136.845212,  81.450005, 0.000000, 0.611976, 29.605934, 0.042459
139.607256,  81.330860, 0.000000, 0.612368, 32.534593, 0.043206
203.706711,  120.012468, 0.000000, 0.617480, 42.658213, 0.055087
204.270353,  121.319329, 0.000000, 0.621709, 45.531133, 0.060326
205.348448,  119.995827, 0.000000, 0.607115, 43.493017, 0.057003
203.877163,  119.944954, 0.000000, 0.615636, 46.360179, 0.061799
204.680124,  120.411757, 0.000000, 0.616381, 44.687998, 0.058123
205.482272,  120.278311, 0.000000, 0.628471, 44.962958, 0.054974
205.111453,  119.655409, 0.000000, 0.624861, 42.526239, 0.057881
203.544150,  120.155333, 0.000000, 0.607185, 43.676729, 0.057211
204.817791,  119.976556, 0.000000, 0.622849, 44.843788, 0.055531
205.167381,  119.893054, 0.000000, 0.626643, 44.247968, 0.058241
206.372532,  120.141841, 0.000000, 0.632317, 44.121348, 0.057611
205.290401,  121.395625, 0.000000, 0.645306, 45.977272, 0.055410
204.031210,  120.266913, 0.000000, 0.622531, 43.180861, 0.055408
203.813909,  119.792460, 0.000000, 0.623588, 41.036041, 0.058663
204.516672,  120.027172, 0.000000, 0.623562, 43.063076, 0.055252
205.455949,  120.274677, 0.000000, 0.630386, 44.598022, 0.060356
204.783012,  119.613299, 0.000000, 0.620153, 46.152977, 0.054949
204.094901,  120.237263, 0.000000, 0.626286, 44.337524, 0.054830
204.812863,  119.859768, 0.000000, 0.625875, 44.967244, 0.059365
203.903784,  119.790032, 0.000000, 0.630744, 44.029716, 0.058906
204.193194,  119.961838, 0.000000, 0.623584, 43.179768, 0.057852
204.902537,  119.834014, 0.000000, 0.627724, 42.927955, 0.058953
205.144654,  120.016352, 0.000000, 0.629104, 44.604735, 0.055258
204.793564,  120.008860, 0.000000, 0.600521, 43.610670, 0.056459
205.576350,  120.002516, 0.000000, 0.612320, 42.455728, 0.064881
203.621324,  119.816992, 0.000000, 0.623681, 43.519424, 0.057218
205.599549,  120.258350, 0.000000, 0.635424, 45.446329, 0.058033
204.175529,  119.817132, 0.000000, 0.623223, 44.959969, 0.058884
204.725332,  119.905266, 0.000000, 0.620117, 43.606628, 0.057495
204.182648,  120.068950, 0.000000, 0.630499, 44.582107, 0.055628
205.980058,  119.731169, 0.000000, 0.624558, 44.332680, 0.059034
204.494312,  120.199982, 0.000000, 0.623710, 44.035795, 0.062220
204.430338,  120.096098, 0.000000, 0.613026, 43.592190, 0.058638
205.442051,  120.273487, 0.000000, 0.621247, 42.623435, 0.055724
206.153963,  119.986251, 0.000000, 0.621856, 44.769130, 0.059119
204.724170,  119.779851, 0.000000, 0.621068, 47.946263, 0.055614
205.951428,  120.394015, 0.000000, 0.627121, 45.296848, 0.055433
204.830421,  120.087772, 0.000000, 0.628088, 40.411672, 0.058126
205.049519,  119.768182, 0.000000, 0.633863, 45.859063, 0.059201
204.664156,  120.384131, 0.000000, 0.607756, 45.029965, 0.058252
204.681346,  121.335486, 0.000000, 0.621348, 43.800485, 0.055803
204.666217,  120.210359, 0.000000, 0.618032, 45.286403, 0.058603
205.289285,  120.247710, 0.000000, 0.628481, 45.066341, 0.055395
205.546403,  120.204015, 0.000000, 0.632649, 45.005370, 0.057891
205.349671,  121.100194, 0.000000, 0.630742, 45.648133, 0.055673
204.498371,  120.732910, 0.000000, 0.614792, 42.164172, 0.054714
204.941463,  119.973481, 0.000000, 0.621046, 47.582992, 0.057654
205.452008,  120.475704, 0.000000, 0.629458, 45.356594, 0.056952
205.074083,  120.537490, 0.000000, 0.625811, 45.327824, 0.056985
204.489240,  119.885170, 0.000000, 0.610647, 45.397165, 0.056017
