19.180630,  16.155401, 0.000000, 0.550126, 1.260964, 0.020352
18.764227,  16.133776, 0.000000, 0.549051, 1.265792, 0.019302
18.839342,  16.186362, 0.000000, 0.550338, 1.251773, 0.020289
18.996320,  16.117574, 0.000000, 0.554311, 1.260904, 0.020558
18.862513,  16.180294, 0.000000, 0.551843, 1.289304, 0.020120
18.751424,  16.147783, 0.000000, 0.544235, 1.243099, 0.020135
18.909347,  16.157821, 0.000000, 0.552743, 1.258673, 0.020404
18.824008,  16.106659, 0.000000, 0.547212, 1.261345, 0.020093
18.825002,  16.072501, 0.000000, 0.548872, 1.284793, 0.020501
18.932089,  16.136730, 0.000000, 0.550779, 1.288554, 0.020432
18.809410,  16.174528, 0.000000, 0.551271, 1.268592, 0.020314
18.917008,  16.225747, 0.000000, 0.550181, 1.253885, 0.020056
18.764688,  16.095724, 0.000000, 0.549576, 1.259384, 0.020261
18.753458,  16.124107, 0.000000, 0.550666, 1.257568, 0.020195
18.784497,  16.170105, 0.000000, 0.549186, 1.263678, 0.020041
18.880669,  16.256093, 0.000000, 0.550107, 1.269149, 0.020031
18.800707,  16.150851, 0.000000, 0.549975, 1.263042, 0.020004
18.867159,  16.199226, 0.000000, 0.552196, 1.262956, 0.020521
18.867101,  16.180823, 0.000000, 0.549722, 1.246868, 0.020141
18.921426,  16.144325, 0.000000, 0.548867, 1.259358, 0.020305
18.817150,  16.178889, 0.000000, 0.552329, 1.272376, 0.020115
18.818377,  16.138232, 0.000000, 0.546057, 1.275982, 0.020157
18.844984,  16.149762, 0.000000, 0.544280, 1.258375, 0.019872
18.908491,  16.230236, 0.000000, 0.551114, 1.289516, 0.020116
18.855827,  16.194506, 0.000000, 0.550424, 1.260259, 0.020084
18.717730,  16.081147, 0.000000, 0.551838, 1.259456, 0.021214
18.794645,  16.134070, 0.000000, 0.551480, 1.258029, 0.020525
18.863267,  16.123878, 0.000000, 0.552106, 1.262593, 0.020286
19.010824,  16.223332, 0.000000, 0.553326, 1.259832, 0.020586
19.060690,  16.385616, 0.000000, 0.552267, 1.260988, 0.020111
18.845535,  16.146026, 0.000000, 0.550873, 1.270900, 0.020375
18.889568,  16.208814, 0.000000, 0.551536, 1.272187, 0.020429
18.750126,  16.135674, 0.000000, 0.552946, 1.265397, 0.020007
18.776969,  16.146969, 0.000000, 0.549986, 1.254908, 0.019938
19.008871,  16.240980, 0.000000, 0.552341, 1.256553, 0.020912
18.931516,  16.210389, 0.000000, 0.553557, 1.283039, 0.020075
18.875666,  16.112641, 0.000000, 0.547998, 1.263927, 0.020446
18.797098,  16.183595, 0.000000, 0.549360, 1.264376, 0.019905
18.871990,  16.168602, 0.000000, 0.542514, 1.250394, 0.020030
18.819423,  16.140232, 0.000000, 0.552014, 1.253955, 0.019995
19.054969,  16.164916, 0.000000, 0.553504, 1.254375, 0.020537
19.134799,  16.520793, 0.000000, 0.552064, 1.251306, 0.020228
18.935902,  16.281251, 0.000000, 0.550692, 1.266342, 0.020135
18.837649,  16.187841, 0.000000, 0.550133, 1.261697, 0.020561
18.771792,  16.084501, 0.000000, 0.549408, 1.250459, 0.020126
19.220660,  16.136407, 0.000000, 0.548252, 1.252975, 0.020334
18.854681,  16.160402, 0.000000, 0.558364, 1.259015, 0.020514
18.848446,  16.203757, 0.000000, 0.551637, 1.256920, 0.019975
18.977818,  16.285276, 0.000000, 0.566599, 1.272593, 0.020072
18.818452,  16.137540, 0.000000, 0.550400, 1.279810, 0.022384
34.707350,  26.191532, 0.000000, 0.610737, 5.081853, 0.025164
34.087851,  26.183001, 0.000000, 0.605305, 4.274253, 0.024449
33.861861,  26.127826, 0.000000, 0.600517, 4.324476, 0.024625
34.123044,  26.066480, 0.000000, 0.612351, 4.290955, 0.024711
34.303472,  26.471571, 0.000000, 0.608994, 4.302873, 0.024375
34.327685,  26.559373, 0.000000, 0.617398, 4.251596, 0.024161
34.153808,  26.129327, 0.000000, 0.611443, 4.269949, 0.024788
34.161165,  26.152639, 0.000000, 0.607037, 4.282066, 0.024287
34.049874,  26.200617, 0.000000, 0.607818, 4.324482, 0.024285
34.063153,  26.121547, 0.000000, 0.608478, 4.292132, 0.024438
34.081104,  26.129546, 0.000000, 0.612780, 4.356113, 0.024512
33.778758,  26.082865, 0.000000, 0.604894, 4.181838, 0.024235
34.427197,  26.107405, 0.000000, 0.577436, 4.310296, 0.023993
33.852245,  26.189401, 0.000000, 0.608529, 4.258549, 0.024340
33.977747,  26.093845, 0.000000, 0.608022, 4.076171, 0.024321
33.912028,  26.233928, 0.000000, 0.609051, 4.253591, 0.024060
33.795650,  26.095436, 0.000000, 0.610884, 4.272721, 0.025042
33.856683,  26.127095, 0.000000, 0.607910, 4.255463, 0.024596
34.159677,  26.157621, 0.000000, 0.599384, 4.259470, 0.025007
33.986702,  26.096760, 0.000000, 0.608641, 4.322845, 0.024355
33.994464,  26.167474, 0.000000, 0.607799, 4.351121, 0.023992
34.038005,  26.137031, 0.000000, 0.607231, 4.286480, 0.024385
34.095857,  26.510281, 0.000000, 0.606849, 4.088993, 0.024279
33.943594,  26.146700, 0.000000, 0.609996, 4.072158, 0.024213
34.117779,  26.227909, 0.000000, 0.605308, 4.368499, 0.025124
34.082500,  26.284459, 0.000000, 0.602976, 4.196824, 0.024667
34.290218,  26.078090, 0.000000, 0.612344, 4.304784, 0.024928
34.163374,  26.209032, 0.000000, 0.614334, 4.338361, 0.024342
33.987694,  26.199789, 0.000000, 0.601654, 4.280797, 0.024331
33.941051,  26.203518, 0.000000, 0.611087, 4.356932, 0.024648
33.904172,  26.141283, 0.000000, 0.609613, 4.312797, 0.024338
34.085467,  26.356021, 0.000000, 0.612791, 4.289525, 0.024627
33.993443,  26.120007, 0.000000, 0.602678, 4.280264, 0.024621
34.135862,  26.199913, 0.000000, 0.607331, 4.289473, 0.024899
34.370642,  26.509750, 0.000000, 0.613149, 4.381096, 0.024373
34.817982,  26.112495, 0.000000, 0.610500, 4.355966, 0.024542
34.174813,  26.170117, 0.000000, 0.611387, 4.276758, 0.024875
33.938860,  26.197409, 0.000000, 0.611665, 4.283544, 0.024859
33.965381,  26.237923, 0.000000, 0.613699, 4.335676, 0.024123
33.968854,  26.221172, 0.000000, 0.609909, 4.324410, 0.024706
33.784584,  26.100011, 0.000000, 0.613515, 4.276236, 0.024243
33.857773,  26.219307, 0.000000, 0.607910, 3.972039, 0.024087
34.352018,  26.132934, 0.000000, 0.606963, 4.338808, 0.024337
33.912012,  26.070792, 0.000000, 0.606532, 4.277697, 0.024840
33.965593,  26.101817, 0.000000, 0.609174, 4.272863, 0.025113
33.872939,  26.120527, 0.000000, 0.602314, 4.253745, 0.024726
34.332019,  26.142776, 0.000000, 0.602770, 4.348475, 0.024850
33.830923,  26.079153, 0.000000, 0.605989, 4.337314, 0.024084
34.140923,  26.172325, 0.000000, 0.609877, 4.314874, 0.024684
34.018756,  26.090390, 0.000000, 0.608571, 4.292151, 0.024013
71.993682,  47.932727, 0.000000, 0.628080, 12.182350, 0.027986
71.940768,  47.955840, 0.000000, 0.632904, 12.250449, 0.027753
72.075885,  48.044455, 0.000000, 0.639297, 12.168442, 0.027982
71.369927,  47.838465, 0.000000, 0.645947, 11.271719, 0.028641
72.426849,  47.940637, 0.000000, 0.645638, 12.361360, 0.027782
71.971057,  47.878047, 0.000000, 0.652979, 12.213931, 0.028714
72.048295,  48.138973, 0.000000, 0.645008, 12.196438, 0.028138
72.518993,  48.185630, 0.000000, 0.641454, 12.287621, 0.027866
72.185805,  47.845783, 0.000000, 0.638551, 12.272240, 0.028819
71.884642,  47.968356, 0.000000, 0.642155, 12.284479, 0.028459
72.015315,  48.015047, 0.000000, 0.634108, 12.226353, 0.028147
71.835725,  47.895271, 0.000000, 0.645305, 12.255500, 0.028649
72.784124,  47.786162, 0.000000, 0.632515, 12.269318, 0.028273
72.045196,  47.934725, 0.000000, 0.639586, 12.319765, 0.028070
72.174885,  47.739393, 0.000000, 0.629508, 12.236487, 0.028342
72.020423,  47.856698, 0.000000, 0.638718, 12.160078, 0.029639
71.980787,  47.906777, 0.000000, 0.626078, 12.214114, 0.027645
72.040600,  47.977729, 0.000000, 0.642545, 12.271724, 0.028180
71.759859,  47.880133, 0.000000, 0.648432, 12.133679, 0.029199
72.095189,  47.853827, 0.000000, 0.643659, 12.220970, 0.027669
72.271421,  48.384912, 0.000000, 0.648794, 12.229567, 0.028240
71.817910,  47.794700, 0.000000, 0.635840, 12.334357, 0.027741
72.119648,  47.886597, 0.000000, 0.641057, 12.175391, 0.027364
71.454790,  47.815322, 0.000000, 0.628349, 12.014875, 0.027969
71.830238,  47.875106, 0.000000, 0.639388, 12.204683, 0.028615
71.950905,  47.850734, 0.000000, 0.643650, 12.131758, 0.030654
71.896665,  47.992462, 0.000000, 0.647656, 12.120520, 0.028484
72.050556,  47.806996, 0.000000, 0.648105, 12.267673, 0.028213
71.657343,  47.837043, 0.000000, 0.641716, 12.124583, 0.034042
72.259838,  47.737026, 0.000000, 0.652458, 12.433878, 0.028374
72.128803,  47.941115, 0.000000, 0.642389, 12.316757, 0.027916
71.877466,  47.951809, 0.000000, 0.633176, 12.081805, 0.028657
71.812375,  47.859423, 0.000000, 0.638954, 12.197918, 0.028494
72.733579,  48.386974, 0.000000, 0.644981, 12.303173, 0.027688
71.468839,  47.863794, 0.000000, 0.647473, 11.645262, 0.028534
71.763199,  47.869720, 0.000000, 0.644550, 12.177030, 0.028260
71.892297,  47.882550, 0.000000, 0.639338, 12.224150, 0.028162
72.042599,  47.980775, 0.000000, 0.641635, 12.196228, 0.028163
73.529666,  47.697120, 0.000000, 0.630425, 12.248623, 0.032309
71.918532,  47.954096, 0.000000, 0.642166, 12.267728, 0.027673
71.876582,  47.811642, 0.000000, 0.623482, 12.232459, 0.028242
71.996105,  47.825675, 0.000000, 0.643349, 12.324978, 0.028077
72.261306,  47.896391, 0.000000, 0.629221, 12.310885, 0.028045
71.963078,  47.982303, 0.000000, 0.637138, 12.336014, 0.028043
72.012240,  47.992045, 0.000000, 0.639989, 12.213705, 0.032106
71.804716,  47.969851, 0.000000, 0.643361, 12.262847, 0.027951
71.675592,  47.761660, 0.000000, 0.618113, 12.203302, 0.027677
72.141779,  47.723905, 0.000000, 0.644644, 12.090456, 0.027826
72.315726,  47.823117, 0.000000, 0.657283, 12.204060, 0.028611
72.029638,  48.032713, 0.000000, 0.647601, 12.229267, 0.028125
138.445026,  85.489607, 0.000000, 0.616524, 27.027505, 0.039248
138.695059,  84.770990, 0.000000, 0.609566, 27.013698, 0.039944
139.136636,  84.628955, 0.000000, 0.610931, 26.598746, 0.038851
137.867435,  84.403902, 0.000000, 0.600031, 27.822987, 0.039115
136.732851,  84.445694, 0.000000, 0.614896, 26.997612, 0.040003
138.547033,  84.298170, 0.000000, 0.615110, 27.179598, 0.038186
135.705751,  84.397730, 0.000000, 0.628932, 27.766121, 0.039657
137.990603,  84.672605, 0.000000, 0.615978, 24.153607, 0.039527
138.092612,  85.430217, 0.000000, 0.627145, 28.005579, 0.039399
139.149607,  84.584159, 0.000000, 0.628320, 26.039112, 0.040089
136.739234,  84.634112, 0.000000, 0.607287, 28.412607, 0.038405
139.123799,  84.412787, 0.000000, 0.623046, 27.180238, 0.038400
139.303703,  84.564934, 0.000000, 0.616220, 27.695262, 0.040095
137.437886,  84.455583, 0.000000, 0.606114, 26.007379, 0.039618
137.467017,  84.633297, 0.000000, 0.615195, 27.260028, 0.042398
139.619726,  84.764976, 0.000000, 0.616688, 28.214823, 0.040981
135.982985,  84.234872, 0.000000, 0.599846, 27.448032, 0.039150
137.419169,  84.481894, 0.000000, 0.593936, 30.233771, 0.039022
137.124618,  84.430508, 0.000000, 0.616968, 26.449390, 0.041206
138.357232,  84.464179, 0.000000, 0.618676, 26.629423, 0.039534
137.596976,  84.504317, 0.000000, 0.613206, 24.555802, 0.039080
138.914341,  84.489720, 0.000000, 0.595883, 26.618905, 0.038017
139.351647,  84.763732, 0.000000, 0.639772, 25.310931, 0.041599
138.862166,  84.709102, 0.000000, 0.614214, 24.581271, 0.039369
139.369719,  84.449436, 0.000000, 0.622350, 25.909466, 0.043105
137.143845,  84.343463, 0.000000, 0.605597, 23.537247, 0.038932
137.378986,  84.339171, 0.000000, 0.607181, 25.777078, 0.038986
138.567611,  84.788301, 0.000000, 0.611552, 27.436794, 0.040038
138.549821,  84.909351, 0.000000, 0.626965, 27.445394, 0.042464
138.594856,  84.721096, 0.000000, 0.618103, 26.194677, 0.041084
136.966394,  84.724390, 0.000000, 0.623262, 27.659494, 0.039359
137.195419,  84.387914, 0.000000, 0.603138, 26.835516, 0.038790
138.276903,  84.280122, 0.000000, 0.608660, 26.260854, 0.038982
138.118912,  84.353324, 0.000000, 0.616029, 31.701715, 0.038273
138.815046,  84.669567, 0.000000, 0.615316, 27.621788, 0.039416
139.804392,  84.642131, 0.000000, 0.620868, 28.268045, 0.039786
137.561034,  84.331398, 0.000000, 0.603408, 27.465412, 0.038918
136.825165,  84.520284, 0.000000, 0.609370, 28.232161, 0.039214
137.411840,  84.454380, 0.000000, 0.603233, 23.991997, 0.038508
138.226002,  84.534040, 0.000000, 0.615798, 26.543687, 0.038723
139.033014,  84.367816, 0.000000, 0.619956, 26.650836, 0.038792
138.550308,  84.440349, 0.000000, 0.615218, 24.358534, 0.039781
138.379483,  84.624190, 0.000000, 0.629056, 27.684452, 0.039146
139.018669,  84.864293, 0.000000, 0.618498, 25.097714, 0.038975
137.215569,  84.475926, 0.000000, 0.619315, 28.416545, 0.039525
139.066986,  84.754610, 0.000000, 0.621850, 28.410677, 0.039181
138.820179,  84.462133, 0.000000, 0.606481, 28.887857, 0.039658
138.000537,  84.531313, 0.000000, 0.608597, 25.941816, 0.038128
137.307093,  84.757271, 0.000000, 0.612781, 27.701835, 0.039817
139.745956,  84.499995, 0.000000, 0.611063, 27.068599, 0.042370
202.830764,  116.803125, 0.000000, 0.618559, 41.067999, 0.052382
203.502931,  116.552725, 0.000000, 0.626026, 42.552367, 0.058523
203.611731,  116.516780, 0.000000, 0.612003, 42.090702, 0.054137
202.976450,  116.696929, 0.000000, 0.620972, 37.776137, 0.059646
203.797872,  116.643779, 0.000000, 0.613570, 41.224377, 0.055583
203.775460,  116.906383, 0.000000, 0.623565, 41.853794, 0.052195
204.508554,  116.765581, 0.000000, 0.624631, 40.822269, 0.055334
202.664729,  116.906396, 0.000000, 0.607880, 41.895764, 0.054676
204.197340,  116.391435, 0.000000, 0.612828, 43.020284, 0.052433
203.819681,  116.575333, 0.000000, 0.623641, 39.158714, 0.054840
205.995545,  116.616661, 0.000000, 0.632089, 42.905502, 0.054966
204.370014,  116.845656, 0.000000, 0.634783, 40.678923, 0.052340
203.147695,  116.627230, 0.000000, 0.625797, 41.477713, 0.052346
202.920632,  116.670368, 0.000000, 0.621918, 40.880459, 0.055866
203.644199,  116.965323, 0.000000, 0.621271, 39.391457, 0.052027
204.255465,  116.530853, 0.000000, 0.628542, 40.177795, 0.057299
203.918146,  116.479123, 0.000000, 0.617687, 42.284106, 0.051825
203.173901,  116.725532, 0.000000, 0.616044, 41.396813, 0.052802
203.711348,  116.808817, 0.000000, 0.621854, 39.716905, 0.056585
202.905717,  116.524330, 0.000000, 0.632883, 41.719796, 0.056785
203.209008,  116.865348, 0.000000, 0.612689, 43.372095, 0.054895
204.019443,  116.698607, 0.000000, 0.627973, 37.132193, 0.055172
203.979256,  116.648368, 0.000000, 0.625832, 42.331572, 0.052193
204.289751,  116.844446, 0.000000, 0.617499, 39.267524, 0.056201
204.217877,  116.636529, 0.000000, 0.618816, 42.980031, 0.055743
202.922216,  116.983328, 0.000000, 0.617204, 42.476422, 0.053892
204.660223,  117.075211, 0.000000, 0.629270, 42.636335, 0.055323
203.328215,  116.709777, 0.000000, 0.627897, 40.121870, 0.056121
204.070623,  116.382618, 0.000000, 0.629249, 41.912991, 0.055480
203.240682,  116.993651, 0.000000, 0.619008, 40.088622, 0.052815
205.102240,  118.618369, 0.000000, 0.628864, 40.995593, 0.056220
203.596213,  116.716006, 0.000000, 0.624300, 39.636598, 0.057137
203.272998,  116.653303, 0.000000, 0.619266, 39.955353, 0.055510
205.356722,  116.645369, 0.000000, 0.621140, 40.290626, 0.052242
205.312599,  117.680796, 0.000000, 0.606526, 42.137024, 0.056148
203.943554,  116.577639, 0.000000, 0.622760, 44.565379, 0.052576
205.029984,  116.723009, 0.000000, 0.618522, 38.767003, 0.052437
203.745050,  116.434914, 0.000000, 0.628329, 38.553131, 0.055332
204.080039,  116.490364, 0.000000, 0.631073, 42.557970, 0.057664
203.744084,  116.924437, 0.000000, 0.619773, 41.382611, 0.055213
203.794631,  116.557665, 0.000000, 0.631360, 41.425626, 0.053852
203.448945,  116.913011, 0.000000, 0.626940, 38.423938, 0.056737
204.156238,  116.726832, 0.000000, 0.630708, 40.725892, 0.052477
204.867185,  116.429916, 0.000000, 0.627220, 40.996875, 0.054772
204.406990,  116.891077, 0.000000, 0.628847, 41.293909, 0.052756
203.508408,  116.637960, 0.000000, 0.625200, 41.107555, 0.051932
204.241945,  116.703027, 0.000000, 0.624489, 45.325445, 0.055553
205.122532,  116.786565, 0.000000, 0.622754, 42.572965, 0.054234
204.137626,  116.603443, 0.000000, 0.619647, 41.041785, 0.054213
203.308777,  116.903861, 0.000000, 0.625286, 37.950353, 0.053067
