13.101086,3.030489,0.000000,0.104345,6.721920,0.032598
13.128139,3.051813,0.000000,0.108362,6.759221,0.028332
12.947499,3.078622,0.000000,0.111539,6.623986,0.026235
13.408560,3.064493,0.000000,0.113081,6.806739,0.026096
13.154393,3.023107,0.000000,0.114568,6.540001,0.023646
13.176265,3.003742,0.000000,0.103275,6.673432,0.025122
12.874086,2.990702,0.000000,0.110733,6.808032,0.023604
13.075183,3.025343,0.000000,0.110459,6.979873,0.024220
13.000273,2.996306,0.000000,0.107847,6.656692,0.025809
13.408630,3.010634,0.000000,0.107346,6.970536,0.025297
13.147326,3.019527,0.000000,0.106666,7.007984,0.025240
13.900389,3.023896,0.000000,0.104315,7.076020,0.025906
12.878846,2.994418,0.000000,0.110665,6.634468,0.025862
13.153719,3.039815,0.000000,0.103651,6.681694,0.025047
13.345060,3.076661,0.000000,0.111975,7.027466,0.025531
13.150122,3.024034,0.000000,0.110512,6.793163,0.028861
12.941028,3.036635,0.000000,0.105890,6.693653,0.023461
13.061885,3.008993,0.000000,0.112576,6.852636,0.023484
12.968994,3.004268,0.000000,0.112785,6.723374,0.026975
13.140376,3.037936,0.000000,0.108456,6.936344,0.024948
13.303755,3.005963,0.000000,0.109898,6.576375,0.025725
13.013784,3.033536,0.000000,0.109385,6.716242,0.026419
13.369993,3.001413,0.000000,0.106092,6.752245,0.026478
13.422804,3.063113,0.000000,0.106881,6.797316,0.024359
13.082057,3.006079,0.000000,0.108147,6.639310,0.028783
13.168392,3.010825,0.000000,0.108368,6.670030,0.024960
12.887257,3.034362,0.000000,0.112170,6.540739,0.024950
12.877560,3.050437,0.000000,0.112184,6.595856,0.026240
13.065683,2.990875,0.000000,0.111158,6.824267,0.025701
12.930475,3.038544,0.000000,0.114518,6.690434,0.025402
12.886055,3.027030,0.000000,0.110858,6.602542,0.024316
13.083058,3.024855,0.000000,0.109651,6.794500,0.027200
12.905745,3.040342,0.000000,0.113619,6.710493,0.026172
12.964464,3.000988,0.000000,0.110995,6.828701,0.025653
13.057772,3.037407,0.000000,0.112035,6.726566,0.025157
12.811281,3.002625,0.000000,0.113431,6.687245,0.025726
13.027531,3.018958,0.000000,0.112450,6.805289,0.025867
13.043339,2.991981,0.000000,0.114106,6.540163,0.023248
13.078505,2.999659,0.000000,0.104601,6.715001,0.024688
13.332328,3.033753,0.000000,0.107414,6.863938,0.023707
13.583080,3.008220,0.000000,0.108775,6.937323,0.025207
13.025989,3.016535,0.000000,0.107824,6.914886,0.025979
13.115694,3.048080,0.000000,0.108403,6.578345,0.024773
13.115560,3.036434,0.000000,0.107075,6.822287,0.026024
13.113872,3.001303,0.000000,0.108027,6.776152,0.025246
13.140630,3.044973,0.000000,0.109947,6.781446,0.022301
13.553653,3.007398,0.000000,0.110347,6.691541,0.027467
12.948192,3.000599,0.000000,0.105330,6.739249,0.026418
13.050204,3.039916,0.000000,0.113571,6.744417,0.025702
13.197230,3.022428,0.000000,0.105445,6.977536,0.025576
15.481945,4.130402,0.000000,0.137971,7.880023,0.028232
14.712473,4.134948,0.000000,0.137271,7.523807,0.029850
15.638373,4.134635,0.000000,0.135742,7.780253,0.026993
14.727594,4.131215,0.000000,0.136957,7.416414,0.032984
14.784270,4.119857,0.000000,0.134351,7.099173,0.028613
15.093634,4.131339,0.000000,0.138642,7.795727,0.028224
14.628365,4.120525,0.000000,0.137525,7.314762,0.027470
14.555687,4.125287,0.000000,0.136414,7.230838,0.027160
14.803863,4.117208,0.000000,0.138299,7.506276,0.028480
14.695824,4.134044,0.000000,0.137384,7.447049,0.029889
14.649735,4.122570,0.000000,0.139325,7.408425,0.027341
14.477351,4.128943,0.000000,0.136286,7.046824,0.030645
14.696985,4.127627,0.000000,0.137078,7.466146,0.029061
15.257447,4.150098,0.000000,0.137549,7.226937,0.024869
15.370762,4.137600,0.000000,0.137373,7.852019,0.025189
14.575296,4.131453,0.000000,0.136107,7.329134,0.026089
14.372556,4.110479,0.000000,0.136660,7.095001,0.026936
14.569635,4.126188,0.000000,0.137823,7.288666,0.027458
15.053492,4.144066,0.000000,0.138176,7.524224,0.029013
14.417513,4.128482,0.000000,0.134169,7.148013,0.029442
14.340307,4.122870,0.000000,0.136018,7.145722,0.030374
14.642383,4.130967,0.000000,0.138222,7.309900,0.030971
14.444548,4.141022,0.000000,0.135609,7.198132,0.026411
14.905053,4.108250,0.000000,0.135204,7.056112,0.030046
14.716770,4.147718,0.000000,0.140151,7.468193,0.032576
15.649006,4.124128,0.000000,0.134080,7.525950,0.032194
14.527142,4.148506,0.000000,0.137334,7.209287,0.030978
14.665797,4.122729,0.000000,0.138863,7.456005,0.025353
14.734790,4.111145,0.000000,0.134756,7.353997,0.031342
14.610833,4.124408,0.000000,0.136119,7.405102,0.028180
14.359765,4.126156,0.000000,0.138582,6.974820,0.026829
14.491847,4.125601,0.000000,0.138539,7.166388,0.028189
14.722508,4.136558,0.000000,0.137912,7.508192,0.030434
14.759806,4.138032,0.000000,0.137295,7.496166,0.025631
14.512504,4.129044,0.000000,0.138657,7.326957,0.025258
15.096008,4.119978,0.000000,0.136167,7.545378,0.032863
15.306829,4.141889,0.000000,0.138149,7.835601,0.030752
14.659635,4.124311,0.000000,0.137009,7.408941,0.030166
14.566873,4.117361,0.000000,0.137876,7.237212,0.025694
14.826734,4.128767,0.000000,0.136889,7.623700,0.028216
14.530796,4.133385,0.000000,0.136506,7.320482,0.029622
14.645282,4.128444,0.000000,0.138380,7.444735,0.029999
14.548382,4.110193,0.000000,0.136917,7.224310,0.027587
14.538417,4.125769,0.000000,0.137106,7.078598,0.027482
14.784782,4.141320,0.000000,0.149208,7.510157,0.025759
14.382525,4.123104,0.000000,0.133559,7.180333,0.026667
14.517151,4.143339,0.000000,0.139735,7.248540,0.025300
14.741947,4.138481,0.000000,0.137897,7.421601,0.029092
15.085466,4.131978,0.000000,0.136911,7.845347,0.028433
14.692152,4.126152,0.000000,0.136729,7.324946,0.023778
19.080263,7.485876,0.000000,0.311876,8.356937,0.058628
18.915422,7.469210,0.000000,0.307249,8.131141,0.057596
18.850286,7.432680,0.000000,0.283249,8.148636,0.057739
18.924449,7.430153,0.000000,0.310069,8.208946,0.057175
18.929853,7.467468,0.000000,0.311001,8.140096,0.050994
19.062359,7.549604,0.000000,0.298801,8.381094,0.056846
18.770307,7.459267,0.000000,0.303042,8.032076,0.057762
19.036396,7.455244,0.000000,0.300204,8.348945,0.057561
19.204203,7.425455,0.000000,0.304142,8.323683,0.056954
19.131024,7.454536,0.000000,0.308676,8.442251,0.057563
19.294555,7.448632,0.000000,0.309780,8.548215,0.056993
18.828662,7.439317,0.000000,0.295418,8.181941,0.053976
18.929036,7.430362,0.000000,0.304379,8.302569,0.053347
19.130059,7.459004,0.000000,0.301058,8.186992,0.060964
18.925695,7.423975,0.000000,0.307474,8.285302,0.053723
18.947646,7.447107,0.000000,0.301921,8.292151,0.057304
19.140296,7.454964,0.000000,0.306570,8.297319,0.057977
18.848693,7.558247,0.000000,0.309074,8.123430,0.057754
18.446634,7.502455,0.000000,0.280900,7.727975,0.057732
18.796725,7.445429,0.000000,0.307358,8.137710,0.060949
19.266960,7.434399,0.000000,0.304438,8.459630,0.057256
19.015030,7.440855,0.000000,0.308530,8.213244,0.057586
18.855281,7.459180,0.000000,0.301624,7.930427,0.062596
19.017017,7.518459,0.000000,0.306905,8.343475,0.058286
18.997876,7.444267,0.000000,0.307780,8.300918,0.057635
19.255679,7.442398,0.000000,0.308067,8.430490,0.056733
18.863868,7.440228,0.000000,0.305582,8.147877,0.057470
18.991262,7.476208,0.000000,0.309547,8.237023,0.058194
19.458033,7.458010,0.000000,0.300752,8.273738,0.055941
18.805603,7.537295,0.000000,0.299834,8.112436,0.056850
19.193809,7.453562,0.000000,0.301600,8.347854,0.057791
18.925458,7.448400,0.000000,0.308714,8.224789,0.053685
19.525508,7.462469,0.000000,0.300734,8.300377,0.057538
19.015761,7.466049,0.000000,0.305229,8.330621,0.056087
18.869451,7.461904,0.000000,0.300744,8.237226,0.057222
19.403649,7.422202,0.000000,0.302070,8.341947,0.057786
18.972165,7.451486,0.000000,0.305131,8.252944,0.057208
19.019299,7.465472,0.000000,0.308505,8.289074,0.058213
19.154154,7.442231,0.000000,0.306773,8.398070,0.058974
19.200035,7.437399,0.000000,0.282852,8.533359,0.056809
19.432271,7.440276,0.000000,0.303375,8.421215,0.056374
18.891399,7.453406,0.000000,0.278765,8.224275,0.057928
18.724753,7.474857,0.000000,0.306998,8.038441,0.057067
18.827949,7.450190,0.000000,0.305095,8.212435,0.056233
19.114787,7.417396,0.000000,0.309471,8.339171,0.059334
19.444420,7.455320,0.000000,0.306987,8.549350,0.056906
18.677149,7.491354,0.000000,0.303742,8.035483,0.057724
19.582448,7.475398,0.000000,0.299244,8.376459,0.056651
19.017470,7.517290,0.000000,0.305458,8.416842,0.057996
19.017446,7.434351,0.000000,0.298528,8.356524,0.056939
