13.134112,3.035999,0.000000,0.115994,6.512826,0.024502
13.013115,3.068644,0.000000,0.118255,6.413759,0.020147
12.975849,3.151398,0.000000,0.117743,6.467227,0.021045
13.107245,3.084145,0.000000,0.118168,6.581820,0.020792
13.487367,3.040393,0.000000,0.119208,6.502612,0.026328
13.049048,3.046996,0.000000,0.118000,6.532449,0.020527
13.120382,3.045366,0.000000,0.115860,6.636249,0.022343
13.114213,3.101157,0.000000,0.115343,6.657886,0.023384
13.249188,3.044480,0.000000,0.117998,6.551454,0.020660
13.502397,3.041588,0.000000,0.116480,7.006416,0.022836
13.181846,3.044544,0.000000,0.117909,6.703905,0.022907
13.406174,3.051253,0.000000,0.116085,6.983776,0.020727
12.904751,3.046847,0.000000,0.116529,6.630269,0.020744
13.157576,3.055018,0.000000,0.112088,6.565440,0.023318
13.368123,3.081829,0.000000,0.116746,6.690676,0.020137
13.185036,3.023786,0.000000,0.117427,6.648681,0.021096
13.141436,3.026114,0.000000,0.117270,6.449418,0.019152
13.078155,3.029595,0.000000,0.118784,6.601169,0.021622
13.284205,3.067040,0.000000,0.116634,6.596910,0.020899
13.179403,3.071794,0.000000,0.115560,6.806331,0.020130
13.007702,3.062613,0.000000,0.118222,6.461039,0.020847
13.011524,3.100604,0.000000,0.118355,6.516282,0.021705
12.958639,3.078173,0.000000,0.118292,6.466398,0.021726
13.035052,3.052209,0.000000,0.117812,6.355487,0.019576
13.099680,3.058364,0.000000,0.118675,6.298247,0.024561
13.215970,3.068201,0.000000,0.117896,6.506662,0.020756
12.975049,3.101350,0.000000,0.118975,6.474609,0.020803
13.597316,3.061172,0.000000,0.116524,6.193757,0.021235
13.105302,3.057876,0.000000,0.117246,6.619397,0.020505
12.947758,3.049762,0.000000,0.119453,6.473696,0.020473
12.851527,3.037033,0.000000,0.117069,6.315120,0.023764
13.152469,3.091699,0.000000,0.119987,6.448767,0.021306
13.311879,3.076949,0.000000,0.117789,6.441166,0.020715
13.171219,3.077186,0.000000,0.115611,6.764208,0.020012
12.994745,3.091093,0.000000,0.115748,6.393353,0.023504
12.847674,3.067280,0.000000,0.116021,6.484036,0.021405
13.448979,3.074489,0.000000,0.116937,6.419675,0.020552
12.899563,3.071917,0.000000,0.117841,6.619728,0.021395
13.117281,3.041390,0.000000,0.119580,6.737511,0.019311
13.011341,3.063369,0.000000,0.117421,6.750399,0.019956
13.342175,3.064753,0.000000,0.117585,6.750904,0.020495
13.044815,3.053686,0.000000,0.115155,6.702620,0.020108
13.151447,3.074422,0.000000,0.119468,6.459156,0.025910
14.028133,3.075336,0.000000,0.114826,6.571427,0.021022
14.013298,3.059166,0.000000,0.111812,6.498102,0.020908
13.114435,3.095832,0.000000,0.118007,6.428602,0.022652
13.048852,3.068673,0.000000,0.117048,6.317501,0.028170
12.979759,3.036703,0.000000,0.118395,6.395466,0.021997
13.229822,3.081573,0.000000,0.121016,6.475414,0.021138
13.214116,3.091264,0.000000,0.117173,6.779266,0.019862
14.995062,4.016411,0.000000,0.144250,7.441479,0.026599
14.702362,4.023880,0.000000,0.145823,6.988994,0.021541
15.364523,4.039761,0.000000,0.132475,7.205825,0.024812
14.708652,4.054340,0.000000,0.143576,7.142753,0.025566
15.231731,4.032029,0.000000,0.141697,6.865209,0.021391
15.295392,4.044492,0.000000,0.141982,7.431298,0.026108
14.595771,4.041670,0.000000,0.134094,6.848153,0.020598
14.575602,4.017933,0.000000,0.132852,6.794628,0.027157
14.713168,4.023532,0.000000,0.145670,6.962080,0.020972
14.709121,4.052095,0.000000,0.145640,6.854197,0.022126
14.623625,4.024709,0.000000,0.145968,6.603710,0.020141
14.606659,4.029650,0.000000,0.128681,6.542635,0.022445
15.537679,4.031659,0.000000,0.144129,6.763017,0.021301
14.559569,4.044013,0.000000,0.134063,6.627032,0.023516
15.079041,4.053039,0.000000,0.146179,7.475591,0.024817
14.737217,4.010598,0.000000,0.131927,6.959992,0.028403
14.342964,4.020620,0.000000,0.142597,6.596005,0.024983
14.545489,4.035601,0.000000,0.145013,6.863896,0.020305
14.751214,4.037384,0.000000,0.144886,7.189676,0.021407
14.542829,4.025475,0.000000,0.126777,6.912064,0.021640
15.167635,4.028857,0.000000,0.141259,6.527368,0.022255
15.120868,4.039965,0.000000,0.134675,6.776699,0.022447
14.402666,4.021675,0.000000,0.138675,6.744196,0.023040
14.930322,4.022071,0.000000,0.141434,6.634065,0.022129
14.912337,4.030895,0.000000,0.132878,6.878000,0.023342
14.999646,4.038934,0.000000,0.144206,7.261492,0.023539
14.755860,4.020197,0.000000,0.143380,6.569726,0.022954
14.637847,4.034706,0.000000,0.145181,6.924893,0.022276
14.557988,4.022744,0.000000,0.144018,6.759423,0.024600
14.594107,4.022904,0.000000,0.144322,7.032084,0.020520
14.330097,4.048257,0.000000,0.145233,6.383295,0.023613
14.465931,4.028537,0.000000,0.134741,6.413949,0.021395
14.706507,4.033146,0.000000,0.145096,6.988519,0.022919
14.710863,4.028917,0.000000,0.134013,6.578293,0.024760
15.067699,4.028060,0.000000,0.141907,6.806679,0.022843
14.872687,4.036070,0.000000,0.133208,7.028730,0.023769
15.096098,4.027965,0.000000,0.132330,7.599431,0.022597
14.622357,4.030609,0.000000,0.131910,6.764847,0.021927
15.284502,4.029561,0.000000,0.143846,6.606671,0.023893
14.804958,4.025934,0.000000,0.142297,7.065990,0.021246
14.492376,4.017250,0.000000,0.134783,6.758016,0.023059
14.607333,4.024300,0.000000,0.144439,6.747160,0.023889
14.523803,4.021338,0.000000,0.141951,6.802844,0.020808
14.532240,4.020776,0.000000,0.132452,6.722236,0.020363
14.742176,4.031380,0.000000,0.146141,6.992129,0.025474
14.346181,4.025068,0.000000,0.145554,6.474418,0.024475
14.522818,4.055609,0.000000,0.147095,6.737795,0.025465
14.672349,4.031271,0.000000,0.142111,6.841113,0.021954
15.033745,4.021273,0.000000,0.133015,7.545744,0.021480
14.792207,4.055444,0.000000,0.130317,6.981387,0.022146
19.099920,7.612571,0.000000,0.437240,7.541081,0.037867
18.975075,7.526239,0.000000,0.401561,7.334920,0.037803
18.918315,7.528885,0.000000,0.394524,7.395555,0.037495
19.390558,7.537143,0.000000,0.419641,7.343363,0.036777
18.938261,7.519136,0.000000,0.428526,7.286858,0.046740
19.329989,7.616209,0.000000,0.436082,7.527336,0.037026
18.769370,7.529754,0.000000,0.418960,7.276185,0.038456
19.208998,7.545210,0.000000,0.401847,7.493827,0.037839
19.304069,7.517658,0.000000,0.401929,7.614363,0.037336
19.753450,7.596096,0.000000,0.396505,7.519599,0.037152
19.222951,7.536592,0.000000,0.404546,7.640832,0.037046
18.894201,7.616739,0.000000,0.428191,7.288523,0.034688
19.043284,7.505688,0.000000,0.421461,7.421185,0.033873
18.847731,7.537349,0.000000,0.421184,7.435710,0.041547
18.964401,7.522359,0.000000,0.425555,7.410059,0.048819
19.463608,7.618264,0.000000,0.420635,7.422669,0.036870
19.019038,7.527058,0.000000,0.424862,7.534829,0.038071
18.843924,7.545456,0.000000,0.432859,7.483821,0.038227
18.580350,7.524625,0.000000,0.420851,6.984660,0.038113
18.901781,7.546223,0.000000,0.423146,7.216118,0.040778
19.474097,7.629821,0.000000,0.427588,7.566443,0.037108
19.069847,7.504683,0.000000,0.416145,7.390313,0.037579
18.954997,7.514119,0.000000,0.423035,7.286790,0.039843
19.002366,7.523391,0.000000,0.420697,7.478536,0.037375
19.453964,7.539096,0.000000,0.418028,7.498400,0.037136
19.167420,7.570124,0.000000,0.405296,7.647597,0.037465
19.047811,7.524379,0.000000,0.426773,7.324338,0.037221
19.194151,7.622309,0.000000,0.428149,7.458883,0.037728
19.056737,7.515211,0.000000,0.401418,7.325293,0.036565
18.844015,7.545745,0.000000,0.407674,7.405370,0.036914
19.084831,7.558490,0.000000,0.399269,7.536292,0.037324
18.963708,7.552916,0.000000,0.429368,7.399415,0.049646
19.064278,7.537865,0.000000,0.401592,7.435101,0.037782
19.254203,7.547990,0.000000,0.427172,7.545077,0.036381
18.936249,7.527876,0.000000,0.401157,7.320226,0.036844
19.124356,7.515493,0.000000,0.429836,7.460264,0.038263
19.020526,7.530903,0.000000,0.399703,7.369056,0.037435
19.382785,7.662336,0.000000,0.402307,7.474240,0.038250
19.219322,7.564404,0.000000,0.429170,7.513942,0.039500
19.251619,7.513801,0.000000,0.423132,7.674108,0.037392
19.177422,7.540110,0.000000,0.425592,7.573015,0.037491
18.921101,7.524753,0.000000,0.402703,7.430172,0.038217
18.943156,7.542955,0.000000,0.410119,7.175320,0.037037
19.284635,7.527004,0.000000,0.398498,7.331652,0.035753
19.033448,7.522318,0.000000,0.420070,7.497120,0.039690
19.267348,7.513488,0.000000,0.400901,7.628088,0.036968
18.781542,7.508424,0.000000,0.414357,7.194406,0.037180
19.030929,7.524199,0.000000,0.399862,7.588280,0.037716
19.206087,7.518521,0.000000,0.428912,7.594335,0.038361
19.079061,7.540097,0.000000,0.398024,7.469433,0.034779
22.008725,13.843655,0.000000,0.561009,4.741493,0.067971
21.900777,13.783027,0.000000,0.554294,4.685617,0.068742
21.979290,13.769733,0.000000,0.552568,4.755379,0.072167
22.231318,13.785816,0.000000,0.550360,4.785787,0.068236
21.925879,13.819045,0.000000,0.554905,4.679951,0.071794
21.924052,13.806437,0.000000,0.562889,4.695782,0.072678
21.870456,13.834272,0.000000,0.559275,4.697624,0.067913
22.042128,13.793662,0.000000,0.551836,4.734307,0.068359
22.245904,13.777994,0.000000,0.537776,4.804532,0.070855
23.616060,13.791844,0.000000,0.553931,4.686331,0.071756
21.891377,13.763429,0.000000,0.551029,4.680201,0.074647
22.163600,13.808795,0.000000,0.555907,4.748961,0.065554
22.049411,13.820737,0.000000,0.560582,4.764530,0.068245
22.007594,13.823846,0.000000,0.555232,4.737467,0.069085
22.005628,13.773931,0.000000,0.559779,4.716110,0.066809
22.016236,13.813458,0.000000,0.555544,4.772614,0.063072
22.180517,13.824697,0.000000,0.552620,4.753625,0.071952
22.187849,13.861013,0.000000,0.558667,4.769752,0.071024
21.987473,13.798505,0.000000,0.565812,4.784827,0.071364
22.167492,13.816033,0.000000,0.558257,4.784881,0.069890
21.954604,13.842016,0.000000,0.556348,4.711771,0.073505
22.165784,13.799106,0.000000,0.559245,4.807664,0.075671
22.006847,13.763814,0.000000,0.560252,4.823525,0.069484
21.957227,13.771188,0.000000,0.554002,4.719025,0.072215
22.160085,13.768243,0.000000,0.554410,4.774497,0.073444
22.012250,13.792293,0.000000,0.558742,4.818542,0.069349
22.078633,13.791207,0.000000,0.563504,4.797488,0.073972
22.099468,13.840790,0.000000,0.550013,4.728733,0.071131
22.051933,13.843391,0.000000,0.560095,4.729499,0.070226
22.014718,13.845812,0.000000,0.562085,4.786989,0.068002
22.136704,13.802848,0.000000,0.557874,4.738941,0.069249
22.071171,13.811158,0.000000,0.558192,4.812273,0.063619
22.381790,13.971141,0.000000,0.561482,4.812712,0.075365
22.065345,13.800370,0.000000,0.558944,4.765178,0.073387
22.019526,13.787342,0.000000,0.558453,4.737328,0.070827
21.959083,13.759202,0.000000,0.552971,4.795620,0.065987
22.193027,13.764476,0.000000,0.552583,4.786731,0.068761
21.838746,13.802484,0.000000,0.550371,4.684553,0.069136
21.976204,13.795642,0.000000,0.559251,4.725099,0.067796
21.922355,13.822638,0.000000,0.558770,4.704973,0.072118
22.160434,13.795158,0.000000,0.539821,4.725653,0.072254
22.116993,13.820258,0.000000,0.550304,4.714352,0.067016
22.037809,13.846415,0.000000,0.552648,4.721740,0.071708
22.087221,13.810259,0.000000,0.594373,4.761377,0.064723
21.963539,13.957237,0.000000,0.554833,4.710198,0.060443
21.941544,13.829912,0.000000,0.555676,4.727630,0.068559
22.047302,13.921142,0.000000,0.561891,4.750403,0.072184
21.891043,13.801120,0.000000,0.554367,4.696765,0.070292
21.972805,13.778355,0.000000,0.547555,4.761881,0.061420
22.079870,13.808308,0.000000,0.560289,4.780056,0.071944
