14544822
27519596
367399790
7923021
13511578
22679611
111170926
5090819
11309963
44242667
72356264
13949388
19300650
7817965
5590149
108871417
2208803866
1965530796
2082555660
1756154745
1767594516
2040374187
1914227811
299202388
17118983
12720945
335914233
56028313
6971866
15405959
166539481
5751574
19172581
34588556
179229287
9497805
22040117
173910073
5013815
12521441
216565091
215918510
12091418
7543237
8102108
10723153
84129625
12787897
25358053
36813927
43292891
30044523
137938026
5893787
5569712
108280693
10945924
8694927
186646115
9317999
8172387
19571249
35301593
6430828
98993530
13589661
8293802
19043576
154722947
30709378
5476758
155466781
23826454
35114457
161917128
10354539
43447474
8439111
13620738
129208381
254700850
172087181
163679333
423436919
174890542
219404262
286516843
276990233
315404621
220065504
178072708
215051107
254069753
241200472
584952730
165989347
400403141
162653627
168408680
181451740
327241124
213505886
182111491
182466917
197504825
332504063
178147290
172851913
180913718
203014912
175734242
187673034
198524469
197059650
173331804
528379319
174608688
205338315
229548894
172550291
195153292
171681234
324218290
171727663
179145758
204718474
226564285
208224250
246452961
211950176
172968962
345721690
349144596
244436768
204892174
330361989
289859066
475806955
167098150
177843048
325909536
262111042
212845729
305875032
296429813
424772824
171863884
564597973
155708921
211852054
180661907
224084911
192793302
177550832
159011543
164499129
158712464
218408472
343491998
189410843
34873247
35768222
361832313
47070970
28459437
31713806
84222305
24138127
51366679
36815337
98798659
31652989
183197229
32715935
42355152
24053246
41658785
44292293
169973221
38761024
36707155
82552278
39641864
25545961
41781280
49904965
28315857
457527720
28343544
28037351
86613535
30523433
72642516
35202295
353273740
38999157
178231010
38465864
36791804
23087438
51629420
365560184
114776334
49680673
45565475
205670601
36463682
23804658
38672621
257151857
223086796
37802466
33245451
57329372
26757839
23752828
41462639
60409588
30933480
31337473
88234234
26704886
25149765
148669518
176333007
45283199
45180993
193565807
329577150
68407107
25302828
23789013
67312618
28153730
32444027
33438024
32218306
112376303
41327049
143936532
296289910
83331914
75989438
184470521
82782876
80355969
88438709
65779240
297883989
122206467
70513489
375104947
86037262
75739771
81041000
70545060
239312678
478505924
97338163
102513195
357934838
74832519
69094007
61552615
367273433
459892142
79777627
84616381
81565519
89669278
70320253
64096927
201907911
89935876
80420798
81968074
345385346
88221135
62002074
64145876
502896414
91314142
84849777
105488886
92463957
212970960
67852848
98074100
292361218
368976539
383398656
125946896
69064651
67643802
65361340
72987555
141721580
144685413
115958414
90964829
94945218
95164035
81646752
71221719
98756840
137151417
260155216
84515713
209617823
71745758
107872005
61588917
369970678
87267980
107897505
81491026
75620734
81044488
204541008
63035683
702537858
653799688
882379298
724300889
555947347
1034752447
549192730
507204073
608871113
701508027
802951409
631583840
579439881
682481092
952527263
614515122
1056954723
593536350
603226553
708266344
835253548
586812577
706576912
657256997
728794461
656737062
550695228
553588025
700977266
645381418
654236653
694706735
724407455
622998967
713479976
555895609
649914325
638039468
547307602
566384495
794026880
552801279
559303680
678043645
609674867
665443233
560316933
552139183
603971168
599081457
718672209
944389227
832196211
704055972
643240382
593892598
614578302
611740993
630790050
761270193
752102402
767520961
831880237
718328176
681021246
622532315
609334142
796473024
718542661
757700917
742527665
622675767
599393732
595048182
714050997
964238926
774347351
602307396
739288951
707259099
1446161853
1198877732
1410202462
1255074845
1809340021
1091337389
1084225404
1107942819
1309779718
1271525916
1381630058
1323160466
1272564522
1245241399
1135746862
1383476125
1512865402
1324534033
1510696090
1346642558
1122900085
1210268382
1350666871
1477908856
1472136565
1171633000
1154381708
1362401182
1163453126
1469146259
1159086614
1176690957
1172700466
1326525137
1374754605
1318458762
1148825562
1391734709
1201530419
1133167730
1333372113
1328984669
1411094924
1342292005
1123165486
1213735561
1555630953
1148735758
1939905728
1286714698
1153921666
1367255934
1178685547
1167657463
1127358699
1162944904
1486253746
1160196699
1169935181
1370263129
1157481777
1533809357
1185483976
1175310046
1341124043
1138070732
1645612820
1135407475
1337963986
1244868909
1180993715
1288654396
1186450175
1193223265
1140734046
1121685542
1314469452
1186496351
1133121959
1528063224
2414422192
2847446956
2709205013
2704093569
2465946857
2727563988
2751582340
2970313174
2482456180
2238334502
2500905854
2680691784
2724160886
2284403593
2550202408
2350917026
2404498935
2497625289
2666411218
2707691582
2680624532
2747396784
2732338894
2636536506
2650121769
2426542673
2748019198
2536215373
2626462398
2638156665
2667734066
2476928764
2452571709
2306867383
2266498602
2511158778
2518139866
2920165360
2761780297
2566473093
2395446703
2467606587
2415193311
2708755748
2546250419
3006504769
2748710579
2817440144
2470233945
2500249112
2259678926
2512545554
2331384278
2534513807
2543059656
2703853912
2461866735
2684715495
2169426376
2330856075
2326282835
2338860442
2539982969
2572276565
2615254577
2534667820
2192715292
2578395316
2399239743
2560155096
2721397555
2609999608
2458664931
2494687858
2529815713
2637133414
2513402445
2544938593
2700070949
2601826306
5185181780
5377282812
5055378542
5151911948
5285521510
5339816868
5106750297
5532027838
4909724082
5165122144
4958506127
5139758421
5055478033
5370050825
5070691351
5370776916
5333136893
5355633834
5370699731
5361318430
5230937901
5279424260
5512182624
5494980665
4858124293
5420709837
4986282295
5159043232
5000797575
5304743377
5408342231
5123490786
5121982925
5141251985
5153121789
5167424310
5251002742
5494943680
5320384281
5221778303
5125068562
5367284982
5414553954
5344897991
5376244372
5262861030
5291032937
5385391742
5072291270
5527950177
5550647193
5410467650
5494520363
5290495108
5562600559
5367858975
5137616393
5185713575
5160965505
4982547199
5538374974
5386451928
5427994557
5375459426
5413622228
5629802938
5768248802
6054340917
5766843861
5836975955
5606987374
5867770037
4833396883
5150660109
5149147506
5171753658
5269659999
5582877312
5169405019
5127389583
12492075802
12512548101
12565510729
12581661781
12818841542
12921719377
12579840335
12651228534
12930328900
12838302557
12750848713
13008773454
12588084673
12572477135
13060530971
12860095107
12406814884
12518657953
12584422166
12588859586
12363614855
12662533380
12866856763
12710144167
12848253392
12634965452
12698252935
12702823921
12703552876
12812057736
12822837814
12764151273
12234972689
12329172085
12887779991
12568117144
12601230843
12647818323
12868292728
12912886255
12236954781
12525892625
12556793075
12850645414
12357233074
12631204548
12857626770
12724223176
12688753946
12544833433
12531533781
12835710192
12892619295
12639777491
13360161006
12929276066
12394186750
12509238781
12274749221
12559189470
12295246021
12642298450
12844486494
13044070163
12993446761
12624151299
12820771446
12858980239
13128698597
12694185666
12949009381
13227566989
12288479777
12518846673
12328155357
12673820300
12386146318
12653124733
12861792001
12642533421
26232040001
26321571039
26190514569
26195919493
25898399393
26182574190
26182445862
25728526811
25928180272
25332711387
25637679898
25813078888
25887704672
25324679576
25663655317
25552137342
25265618359
25694761523
25676617422
25554473259
25200896038
25359696636
25556412184
25541013314
25625901076
25707337627
25981480221
25713947008
25411338448
25740310168
25672389673
25458414325
25494629696
25313620336
25848493528
25819204273
25265933303
25566919868
25571413919
25289265882
25414020321
25470975106
25984422837
26082581528
25655723456
25695865590
25557712767
25807092929
25215592548
25478941225
25552533967
25477407624
25477587082
25484460445
25495634931
25509517684
25582984411
25370650582
26104473025
25600732750
25624942688
25390282431
25487442426
25717149143
25414130101
25380435404
25412290002
25437992757
25712084581
25674638552
25471619038
26089282207
25377435742
25162116454
25129619697
25642989920
25697190581
25485221724
25468603795
25169121416
