4568908
3542262
262950065
6957295
1685910
143646173
4962814
9429397
3846115
2043251
5619769
5084001
9069326
1547383
7298971
158917540
2897819
1415572
169718783
6894631
180660460
10897302
161985711
18701866
15681222
3264974
97407117
3696832
1514892
23580449
2473653
6462718
5444099
4210864
158580677
5274652
1636225
114414522
67630276
4983480
390638808
328760645
8046309
33572963
1352167
8116824
5815787
8336037
199796508
3719055
6727672
24673799
10163916
10184731
1205500
544545613
26915943
1109075
207953634
44925596
5965128
5879712
179980165
4558791
313590901
216887028
11053609
49422473
10569320
2551160
1524926
3625024
2862106
139778887
299316217
16651288
17918499
27912053
97520381
5280522
6762381
210753554
13089021
2462738
11132567
75535527
6748419
115795963
259276104
5314957
18455844
140951879
3948793
2777610
6600125
6582291
6417883
5902541
7367549
58402001
3288823
77859887
3767957
2513018
10332869
240450259
3473625
199778223
10313174
5244501
48686198
6413130
110934272
39531285
135703212
5462064
3036732
5421943
5674882
139531383
613794651
14224621
11376516
131264028
9961329
63809032
8546935
2255603
6209738
19772956
5800662
3230588
208470570
108461050
4127882
32169315
9510038
31820045
7882229
189368087
139979732
2783449
18042557
3889834
9695089
402351759
47386628
12794673
118668894
18266484
4716468
3395298
12115329
21167980
15314950
3030413
9091911
49529218
396849414
11799679
19502312
15446685
9984614
105339030
216788815
31018755
143475548
6473260
18267000
19984546
9375680
251322322
36461650
126091517
9665241
44934027
23715027
14429350
77980771
13748354
11224620
272928178
107723343
6408557
44326404
342048622
15642982
133156388
16141593
7471492
6821285
6413536
191937038
17967287
16264732
11071166
445576503
32881544
8197419
76646014
183505230
37996255
188774347
13375511
139337658
10094998
12998539
6355824
46755204
9258306
31753146
172288448
222480780
7955617
7964854
7293855
60243654
19602720
360128963
119331103
6496606
8042916
10947470
79419354
20876069
134162707
289169864
12266909
28109335
10677002
6858542
6438105
24693990
147918734
19166949
23779099
151388659
134192617
19378111
6581094
98021014
41837719
185974259
42378695
35566737
44566656
30503362
31225096
35673156
176571573
423798493
74860930
32952888
27295381
26315992
28756288
41509243
36527793
67473121
39058429
41199772
39184401
124756320
27932649
245187032
33691867
44834600
182620141
39184740
37959164
128603929
23149706
63889704
38534910
266555104
36420784
207275940
51171661
26753022
23124915
55656895
37895865
334814572
39867454
128362914
28084101
134831149
25608278
53829836
36978993
102515801
37914779
49062142
32529102
26165917
23178709
225726742
40513401
35180561
28919343
25529774
32770657
94257967
73000311
49761172
111276743
77959335
302868794
177773142
36200762
27668645
23338013
41315587
38508707
240582785
289516153
66155486
68392066
23396282
23387945
384228545
146185408
162925768
152636463
132559894
208538731
114091506
107046804
210192256
225364172
352347720
260124711
174137014
136227282
129491230
121524573
767400394
193182330
155306674
355762409
131162916
159288273
150987285
122774033
347361226
160045835
351030649
217902474
135994965
130802314
166505713
120220966
158470390
153186221
234081170
128226176
124114370
317479533
133798370
122017042
180150338
169976170
141007651
292017202
312150400
288021465
143082008
109248997
169727804
178946615
269039559
142015285
150166020
229792560
452663036
126272540
171968613
153005206
143813697
178536476
249765100
327905890
111430607
103428463
353881340
145429092
188587264
131555439
128601207
126956382
266206520
143237704
167419155
431824533
307253195
160673457
166692929
298095711
111689308
107588484
393504712
357697047
395067236
463871193
402836038
400484047
386248844
350415775
423727589
614702370
377911933
349259727
343851022
433630340
332816836
614300818
399135150
355954844
362172315
334553498
424776180
331662598
322736737
526382350
370701050
413441578
352114956
356452571
347971578
356101536
339631246
642113524
643379836
373777836
447308225
338663555
331582568
323068008
511189065
330439152
454928961
480770381
352941193
385600024
476103995
379358259
323276254
626465714
544214337
363114098
499419193
343147205
359476969
363815797
326914670
611593382
478920214
1014820215
372872927
358795472
322593617
696234940
352508775
463903662
409354873
374804932
396897016
375081053
462123771
349195221
410483385
352142428
692502602
417322396
417378103
336225773
442616377
342980874
328219500
405467206
1655118096
1540285704
1375336690
1515149697
1328686408
1450289544
1300513734
1484654021
1524288408
1590110371
1567504085
1490040882
1549878622
1340439216
1305016984
1441194198
1562555171
1423488774
1463472208
1298553680
1302550695
1293655246
1289541441
1294120093
1388667480
1508216887
1690694832
1494745414
1748257886
1306682708
1358369594
1320985743
1510272068
1477580273
1600259553
1332367376
1341289519
1372007727
1323200515
1536352745
1575730884
1373357953
1509540807
1382560270
1372868848
1429711141
1367206989
1368390722
1560332473
1490441844
1466086787
1334735550
1313888794
1314154108
1310222499
1325312903
1478556051
1375619212
1518413696
1447741958
1293917058
1475079155
1306015990
1414928225
1365759293
1509034768
1342630540
1393429061
1481848471
1327719809
1336959943
1445883282
1504156567
1371947329
1798040222
1507849947
1588768493
1315371996
1366930257
1325682279
5350846577
5338929079
5642341715
5469703795
5206048121
5595121086
5479131866
5248051926
5804818398
5461674411
5260826621
5145733516
5603860048
5203879515
5391827371
5142391035
5512158290
5184362783
5477227117
5475778547
5468986681
5288153810
5223060589
5421049402
5453523095
5715415026
5470970131
5255589894
5260803674
5190608616
5438549599
5449641113
5529541939
5269807755
5263891442
5355303494
5228431337
5234958610
5188172663
5893734682
5498933312
5505385779
5500927303
5333683632
5225388072
5527373154
5376241932
5167718687
5548618043
5518061394
5311870977
5517062891
5516066607
5504901194
5492617599
5185658981
5539786870
5599969112
5453440020
5536678665
5556664725
5517331332
5254289184
5318762725
5261971438
5535440331
5437670642
5343885272
5475679715
5477779946
5487666202
5187480900
5532785700
5447404711
5234206040
5212423626
5502719948
5249375220
5770559987
5545768585
21153312122
21009364115
21040029444
20996367052
20755562611
20950532139
21054560937
20676566827
20644789050
20691907187
20899487730
20912131542
20694713920
20900208246
20923413712
20684608896
20594073106
20560216682
20620762706
21262786690
20761801667
20835575977
21015879297
20793817347
20641856695
21162296019
20898155052
21067934585
20917262703
21098568216
20898759809
20537773427
20679884331
20914069790
20940794243
20894294838
20893738724
20872103277
20899727405
20905204047
20782865819
20729106243
20986368391
20966793025
20962796985
20848696830
20952811790
20690957350
20957428588
20885965428
20882892022
20908604251
20903941474
20690727979
20905094286
20890849507
20931797336
20719680729
21146031952
20893195318
20812940005
20681465931
20922943667
20915771002
21092683127
20944487298
20900957322
20839048804
21086497554
21061649019
20839489302
20810870534
20860415138
20748112722
20897471802
20651108510
20691381836
20943852497
20659925866
20680461543
91119406410
91083192085
91096404717
91226745411
91198256749
91081814454
90737658709
90991679358
91263282561
91545123704
90985669493
91080452954
91103041181
90928036348
91055114122
90683291988
91476688319
91059375772
91066217923
91064061847
90797718927
90847358515
91074254516
90846409146
90852595396
90882222275
90861747268
90855349163
91079303832
90831860401
91083997438
91196053393
90872234914
90969224965
91110221252
91085802556
90855673660
91070047630
91067094716
90794869797
90898218187
90720426085
90695080844
90728801560
90928252606
91186960696
90883135392
90654014710
91014321869
91016494615
90734232248
90977498256
90960705360
90725922595
90842177956
91153418060
90614695866
90678082968
90890660098
90693170656
90624712996
91144996858
90856844198
90854631226
91177939447
91167886333
90916202238
91191707612
91002669090
90912175981
91166351890
91712375191
90757223127
90781678097
91016688896
91007851365
91018076444
91002897392
91035700549
90853174448
