27.022032,  13.297911, 0.000000, 0.137713, 8.133334, 0.010869
26.390069,  13.457931, 0.000000, 0.141306, 7.860211, 0.010727
25.465537,  13.228002, 0.000000, 0.137939, 7.409482, 0.011650
26.036690,  13.297428, 0.000000, 0.138795, 7.652822, 0.011496
25.871807,  13.226545, 0.000000, 0.137627, 7.662108, 0.011782
25.925003,  13.215973, 0.000000, 0.138971, 7.754911, 0.011706
25.691564,  13.239296, 0.000000, 0.135966, 7.657818, 0.011136
25.730257,  13.286071, 0.000000, 0.136365, 7.674964, 0.010996
26.532642,  13.217902, 0.000000, 0.138170, 8.176784, 0.010870
25.766344,  13.277426, 0.000000, 0.135950, 7.560295, 0.011557
25.607639,  13.288167, 0.000000, 0.140585, 7.656671, 0.010533
25.908323,  13.306483, 0.000000, 0.140883, 7.685933, 0.010469
25.760334,  13.224006, 0.000000, 0.136988, 7.559137, 0.010728
25.803587,  13.240983, 0.000000, 0.138517, 7.711632, 0.011904
25.469556,  13.341598, 0.000000, 0.138489, 7.407101, 0.013677
25.700242,  13.256505, 0.000000, 0.137477, 7.733556, 0.012152
25.823835,  13.240933, 0.000000, 0.135402, 7.742426, 0.011402
26.039115,  13.228248, 0.000000, 0.134353, 7.671616, 0.010587
25.998166,  13.272101, 0.000000, 0.139900, 7.840439, 0.013262
25.874965,  13.267886, 0.000000, 0.136813, 7.657555, 0.010702
26.458269,  13.238062, 0.000000, 0.135259, 7.809680, 0.011893
25.557380,  13.215790, 0.000000, 0.140285, 7.525656, 0.011489
25.937870,  13.251059, 0.000000, 0.137122, 7.889018, 0.010644
25.867888,  13.257918, 0.000000, 0.134551, 7.621202, 0.013899
25.978223,  13.274528, 0.000000, 0.137009, 7.817487, 0.015187
26.225703,  13.316805, 0.000000, 0.139818, 7.824576, 0.011829
25.830328,  13.227390, 0.000000, 0.135555, 7.629147, 0.011547
25.695710,  13.238248, 0.000000, 0.139769, 7.711159, 0.010765
25.896186,  13.238048, 0.000000, 0.134993, 7.668013, 0.013458
25.511477,  13.240928, 0.000000, 0.139129, 7.512664, 0.011076
25.931664,  13.256807, 0.000000, 0.136307, 7.960242, 0.010814
25.644214,  13.448160, 0.000000, 0.138555, 7.617195, 0.013277
25.440214,  13.231766, 0.000000, 0.138079, 7.369129, 0.011490
25.663177,  13.266405, 0.000000, 0.139371, 7.656014, 0.011021
25.563109,  13.236167, 0.000000, 0.135691, 7.517010, 0.010806
26.744033,  13.286939, 0.000000, 0.139127, 8.323763, 0.011570
25.788582,  13.209129, 0.000000, 0.134942, 7.700634, 0.010796
25.957198,  13.248232, 0.000000, 0.138652, 7.973188, 0.010809
25.566024,  13.277826, 0.000000, 0.137156, 7.594215, 0.011697
25.436602,  13.254263, 0.000000, 0.137180, 7.397275, 0.011966
25.570572,  13.451411, 0.000000, 0.139095, 7.561684, 0.010383
25.468211,  13.234863, 0.000000, 0.135793, 7.259195, 0.011966
25.415792,  13.228631, 0.000000, 0.135286, 7.151614, 0.011294
25.714939,  13.246598, 0.000000, 0.138404, 7.701132, 0.010847
25.762851,  13.267304, 0.000000, 0.139843, 7.785474, 0.010615
25.588196,  13.241042, 0.000000, 0.137137, 7.423698, 0.011140
25.719874,  13.257369, 0.000000, 0.140079, 7.652872, 0.011920
26.071447,  13.249429, 0.000000, 0.137439, 8.020513, 0.011817
25.889771,  13.437248, 0.000000, 0.139504, 7.849126, 0.011123
26.168050,  13.318782, 0.000000, 0.137371, 7.760594, 0.011729
23.124158,  10.988727, 0.000000, 0.118113, 7.149496, 0.013052
23.161502,  11.018944, 0.000000, 0.116562, 7.121940, 0.012323
22.862060,  11.051317, 0.000000, 0.120060, 6.968186, 0.011743
23.157085,  11.012541, 0.000000, 0.112175, 7.296621, 0.011789
23.260628,  11.045856, 0.000000, 0.117887, 7.028930, 0.011619
23.547946,  10.973021, 0.000000, 0.118345, 7.155092, 0.012169
23.463538,  11.082257, 0.000000, 0.115276, 7.229516, 0.013820
23.032128,  11.016655, 0.000000, 0.118056, 6.947924, 0.012202
23.125997,  11.040085, 0.000000, 0.118108, 7.077987, 0.012165
23.069612,  10.984490, 0.000000, 0.114346, 7.271833, 0.011885
23.872892,  11.031297, 0.000000, 0.115779, 6.937978, 0.011724
23.415558,  11.069949, 0.000000, 0.116036, 7.160992, 0.013739
23.078377,  10.994900, 0.000000, 0.113542, 7.132056, 0.013641
23.579365,  11.008716, 0.000000, 0.109691, 7.007163, 0.012282
23.039380,  11.016785, 0.000000, 0.119276, 7.065956, 0.011832
22.960991,  11.029593, 0.000000, 0.118914, 7.068510, 0.011727
22.761294,  11.063371, 0.000000, 0.117685, 7.057923, 0.011917
23.180856,  11.068003, 0.000000, 0.117636, 7.150810, 0.012182
23.170885,  10.974035, 0.000000, 0.119649, 7.105132, 0.013749
23.089613,  11.041442, 0.000000, 0.114468, 7.288918, 0.011745
23.109503,  10.998135, 0.000000, 0.118503, 7.153864, 0.013871
23.320096,  11.051359, 0.000000, 0.117486, 7.126855, 0.012054
23.153759,  11.040856, 0.000000, 0.116578, 6.967548, 0.013479
22.989162,  10.995101, 0.000000, 0.115534, 6.998591, 0.011335
23.655994,  10.963391, 0.000000, 0.113486, 7.198352, 0.011913
22.911248,  10.995489, 0.000000, 0.119651, 7.114247, 0.011846
23.259363,  10.983264, 0.000000, 0.115441, 7.234101, 0.013641
22.781638,  11.001869, 0.000000, 0.118135, 6.965617, 0.013813
23.150140,  11.035897, 0.000000, 0.110125, 7.063031, 0.012009
23.336647,  11.040633, 0.000000, 0.119002, 7.231103, 0.013062
23.214105,  10.984281, 0.000000, 0.116884, 7.147850, 0.013182
23.177106,  11.032908, 0.000000, 0.114571, 7.272537, 0.011946
23.650587,  10.971863, 0.000000, 0.110521, 7.020751, 0.013601
23.317036,  11.023626, 0.000000, 0.117376, 7.304422, 0.013801
23.156602,  11.025955, 0.000000, 0.117744, 7.155979, 0.011693
23.025850,  10.997304, 0.000000, 0.119087, 7.100916, 0.012119
23.662253,  11.041485, 0.000000, 0.117241, 7.195551, 0.012386
22.990241,  10.992301, 0.000000, 0.114601, 7.010045, 0.011842
22.936433,  11.018029, 0.000000, 0.117643, 6.946455, 0.013331
23.572577,  10.967917, 0.000000, 0.114117, 7.198205, 0.013715
22.998372,  11.030339, 0.000000, 0.117460, 7.023229, 0.012431
23.249106,  11.085818, 0.000000, 0.114158, 7.247870, 0.012833
23.256344,  11.093077, 0.000000, 0.116677, 7.304201, 0.013323
23.065188,  11.039171, 0.000000, 0.118214, 7.157209, 0.011713
23.149310,  10.967054, 0.000000, 0.117749, 7.252227, 0.011631
23.865264,  10.958144, 0.000000, 0.109873, 7.003541, 0.011878
22.966504,  10.992964, 0.000000, 0.116885, 7.152784, 0.012661
23.024581,  11.014746, 0.000000, 0.115215, 7.025887, 0.013009
23.734842,  10.960570, 0.000000, 0.110396, 6.989371, 0.013376
23.190980,  11.046299, 0.000000, 0.114241, 6.962686, 0.012089
