31.175059,  18.630457, 0.000000, 0.298041, 8.561971, 0.025742
31.720972,  18.724633, 0.000000, 0.289569, 8.594131, 0.026227
31.182814,  18.593058, 0.000000, 0.293421, 8.640611, 0.026491
31.349258,  18.600120, 0.000000, 0.290953, 8.519123, 0.025873
31.036600,  18.603427, 0.000000, 0.295497, 8.503170, 0.026890
31.685396,  18.612415, 0.000000, 0.291189, 8.567506, 0.025945
31.153158,  18.649109, 0.000000, 0.299078, 8.575824, 0.026774
31.178668,  18.595231, 0.000000, 0.293194, 8.627138, 0.026715
30.981072,  18.587241, 0.000000, 0.296285, 8.493914, 0.026009
31.357753,  18.580300, 0.000000, 0.294092, 8.725362, 0.025816
31.251342,  18.596894, 0.000000, 0.292116, 8.630221, 0.026121
31.232850,  18.560131, 0.000000, 0.284010, 8.633896, 0.025866
31.181715,  18.783108, 0.000000, 0.299010, 8.536954, 0.025765
31.226807,  18.576838, 0.000000, 0.293685, 8.677079, 0.025894
31.299925,  18.589642, 0.000000, 0.290168, 8.626765, 0.025695
31.061525,  18.585508, 0.000000, 0.291917, 8.496483, 0.026213
31.344919,  18.621324, 0.000000, 0.291472, 8.690074, 0.025680
31.159117,  18.581448, 0.000000, 0.291837, 8.535010, 0.025968
31.492123,  18.655191, 0.000000, 0.294434, 8.591841, 0.027082
31.114847,  18.595504, 0.000000, 0.290818, 8.594564, 0.026004
31.316694,  18.617134, 0.000000, 0.296318, 8.638677, 0.026096
31.707792,  18.612190, 0.000000, 0.286490, 8.623812, 0.026060
31.371161,  18.602356, 0.000000, 0.289309, 8.779856, 0.027298
31.439614,  18.602484, 0.000000, 0.290895, 8.508803, 0.026925
31.517737,  18.626661, 0.000000, 0.290934, 8.674137, 0.025913
31.208729,  18.691042, 0.000000, 0.297311, 8.543621, 0.025911
31.202227,  18.580420, 0.000000, 0.294690, 8.591519, 0.025911
31.453883,  18.712753, 0.000000, 0.296356, 8.624248, 0.025875
31.237335,  18.760622, 0.000000, 0.303810, 8.573687, 0.025804
31.568654,  18.578230, 0.000000, 0.295473, 8.641453, 0.026267
31.017593,  18.605438, 0.000000, 0.291485, 8.543985, 0.026796
31.043818,  18.656849, 0.000000, 0.294603, 8.459741, 0.025686
31.741289,  18.632626, 0.000000, 0.293287, 8.536663, 0.025799
31.679938,  18.647295, 0.000000, 0.291466, 8.751095, 0.025878
31.075092,  18.657983, 0.000000, 0.298214, 8.553118, 0.026535
31.107075,  18.685156, 0.000000, 0.295323, 8.458104, 0.025798
31.285884,  18.657788, 0.000000, 0.298107, 8.620898, 0.025864
31.277375,  18.535862, 0.000000, 0.287963, 8.723537, 0.025745
31.265656,  18.591447, 0.000000, 0.290152, 8.537580, 0.025921
31.096576,  18.590178, 0.000000, 0.296427, 8.560801, 0.025615
31.217793,  18.835066, 0.000000, 0.294567, 8.528082, 0.026794
31.494122,  18.716230, 0.000000, 0.292153, 8.630090, 0.026349
31.195859,  18.635949, 0.000000, 0.295160, 8.605757, 0.025654
31.329338,  18.536527, 0.000000, 0.293552, 8.599438, 0.026306
31.042897,  18.728870, 0.000000, 0.292008, 8.465339, 0.026846
31.115095,  18.663972, 0.000000, 0.296823, 8.540812, 0.026817
31.312591,  18.608485, 0.000000, 0.291701, 8.755296, 0.025809
30.812969,  18.579745, 0.000000, 0.290859, 8.298358, 0.025715
31.666979,  18.597476, 0.000000, 0.292032, 8.643477, 0.025701
31.396399,  18.630353, 0.000000, 0.294568, 8.765240, 0.025918
26.338768,  13.522578, 0.000000, 0.133606, 8.080210, 0.027690
25.916119,  13.467309, 0.000000, 0.137120, 7.796872, 0.027708
25.522382,  13.453176, 0.000000, 0.137155, 7.316992, 0.028264
25.724821,  13.505661, 0.000000, 0.137544, 7.658100, 0.028444
25.844464,  13.499425, 0.000000, 0.137105, 7.593086, 0.028842
26.425807,  13.454085, 0.000000, 0.136208, 7.744892, 0.028745
26.621825,  13.444489, 0.000000, 0.134608, 7.456349, 0.028011
25.679133,  13.478557, 0.000000, 0.136679, 7.595272, 0.027666
26.593614,  13.564518, 0.000000, 0.140688, 8.053505, 0.027245
25.739194,  13.462920, 0.000000, 0.135486, 7.421491, 0.028641
25.629769,  13.452296, 0.000000, 0.137159, 7.470735, 0.026782
25.680825,  13.497455, 0.000000, 0.137956, 7.575415, 0.027303
25.555336,  13.502002, 0.000000, 0.137583, 7.471143, 0.027405
25.784355,  13.492716, 0.000000, 0.136540, 7.663104, 0.029002
25.494304,  13.519860, 0.000000, 0.138897, 7.263254, 0.027515
25.719895,  13.474349, 0.000000, 0.137475, 7.668443, 0.028512
25.825986,  13.479386, 0.000000, 0.136403, 7.650306, 0.028272
25.930653,  13.508701, 0.000000, 0.136349, 7.619275, 0.027579
26.118655,  13.440884, 0.000000, 0.138105, 7.637271, 0.027570
25.687346,  13.457012, 0.000000, 0.135749, 7.679671, 0.027817
25.892547,  13.454250, 0.000000, 0.137876, 7.714560, 0.028466
25.560270,  13.467965, 0.000000, 0.136781, 7.452607, 0.028201
26.183624,  13.486080, 0.000000, 0.137133, 7.780313, 0.027334
25.779660,  13.502866, 0.000000, 0.135585, 7.619585, 0.028866
25.993253,  13.441488, 0.000000, 0.136260, 7.720083, 0.029630
26.030331,  13.481717, 0.000000, 0.137646, 7.692531, 0.028345
26.007371,  13.848280, 0.000000, 0.141317, 7.552318, 0.028636
25.694137,  13.474618, 0.000000, 0.137499, 7.561357, 0.027644
25.751470,  13.452471, 0.000000, 0.137801, 7.554448, 0.027737
25.706883,  13.447047, 0.000000, 0.136183, 7.324764, 0.027492
26.191337,  13.478452, 0.000000, 0.138423, 7.914944, 0.027779
25.611104,  13.473278, 0.000000, 0.136532, 7.485163, 0.029017
25.434832,  13.478671, 0.000000, 0.136744, 7.281323, 0.028674
25.989455,  13.495814, 0.000000, 0.136259, 7.459115, 0.028213
26.219380,  13.460564, 0.000000, 0.137212, 7.422012, 0.027772
26.328884,  13.548054, 0.000000, 0.137026, 8.138721, 0.028491
25.862082,  13.453497, 0.000000, 0.137395, 7.689502, 0.028192
25.973137,  13.434363, 0.000000, 0.137365, 7.926745, 0.028017
25.594133,  13.444584, 0.000000, 0.135226, 7.558436, 0.028606
25.637127,  13.473500, 0.000000, 0.135445, 7.278526, 0.030920
25.588819,  13.452725, 0.000000, 0.138038, 7.453350, 0.027172
25.802028,  13.472395, 0.000000, 0.136864, 7.093215, 0.028454
25.602744,  13.508719, 0.000000, 0.138285, 6.972642, 0.028627
25.725807,  13.480092, 0.000000, 0.136250, 7.587057, 0.027730
25.783215,  13.500257, 0.000000, 0.136777, 7.692331, 0.028064
25.620294,  13.438411, 0.000000, 0.136324, 7.433641, 0.027992
25.759688,  13.463529, 0.000000, 0.137203, 7.542437, 0.029034
26.270337,  13.471488, 0.000000, 0.138685, 7.938327, 0.028645
25.916779,  13.474154, 0.000000, 0.137064, 7.836095, 0.028103
26.011037,  13.507702, 0.000000, 0.136861, 7.737210, 0.028626
22.986455,  11.208373, 0.000000, 0.112929, 7.098165, 0.021148
23.530338,  11.149593, 0.000000, 0.112329, 7.005372, 0.021376
22.893357,  11.167901, 0.000000, 0.115885, 6.933238, 0.021124
23.206711,  11.189728, 0.000000, 0.115763, 7.218480, 0.021114
23.060714,  11.202330, 0.000000, 0.114937, 6.860009, 0.021092
23.079337,  11.266043, 0.000000, 0.116414, 7.128007, 0.021271
23.625522,  11.167601, 0.000000, 0.114624, 7.154317, 0.021214
22.955925,  11.268973, 0.000000, 0.114882, 6.892860, 0.021267
23.270910,  11.157381, 0.000000, 0.111899, 7.017280, 0.020953
23.092615,  11.213272, 0.000000, 0.110750, 7.212759, 0.021349
23.176369,  11.154518, 0.000000, 0.112642, 6.879113, 0.021516
23.152110,  11.191403, 0.000000, 0.112286, 7.012981, 0.022156
23.104316,  11.150025, 0.000000, 0.111153, 7.032891, 0.021656
23.014865,  11.195339, 0.000000, 0.111927, 6.962081, 0.021812
23.079529,  11.231817, 0.000000, 0.112855, 6.975271, 0.021211
23.186995,  11.128075, 0.000000, 0.114423, 6.903706, 0.021229
22.812983,  11.197386, 0.000000, 0.114556, 6.997984, 0.020828
24.076196,  11.174841, 0.000000, 0.113372, 6.979459, 0.021242
23.454368,  11.151273, 0.000000, 0.110252, 7.059577, 0.023770
23.108210,  11.224448, 0.000000, 0.113462, 7.225586, 0.021520
22.944961,  11.152701, 0.000000, 0.115159, 7.078912, 0.021262
24.001719,  11.120545, 0.000000, 0.114973, 7.038982, 0.021572
23.542640,  11.418960, 0.000000, 0.115026, 6.884932, 0.023452
23.065070,  11.225625, 0.000000, 0.112977, 6.913280, 0.021271
24.368420,  11.639064, 0.000000, 0.120664, 7.109751, 0.021339
22.935769,  11.242910, 0.000000, 0.114460, 7.053260, 0.020871
23.254310,  11.250864, 0.000000, 0.116136, 7.125002, 0.021910
22.822347,  11.194598, 0.000000, 0.113929, 6.946067, 0.022147
23.205390,  11.222178, 0.000000, 0.113301, 7.036980, 0.021247
23.389278,  11.216861, 0.000000, 0.108203, 7.138271, 0.021622
23.506220,  11.166969, 0.000000, 0.115497, 7.111201, 0.021265
23.202767,  11.242274, 0.000000, 0.114819, 7.202625, 0.021636
23.178801,  11.176940, 0.000000, 0.110562, 7.011671, 0.021057
23.137720,  11.143429, 0.000000, 0.114381, 7.280897, 0.021482
23.325096,  11.207900, 0.000000, 0.111095, 7.121897, 0.021022
23.052859,  11.241407, 0.000000, 0.114123, 7.073161, 0.021279
23.375440,  11.204301, 0.000000, 0.113093, 7.156312, 0.021015
23.171382,  11.172783, 0.000000, 0.114073, 6.910185, 0.021920
22.911777,  11.188290, 0.000000, 0.118006, 6.889371, 0.021457
23.397819,  11.184549, 0.000000, 0.110707, 7.155983, 0.021486
22.879352,  11.208460, 0.000000, 0.113705, 6.939538, 0.021693
23.282458,  11.213507, 0.000000, 0.109082, 7.237631, 0.021001
23.394922,  11.153255, 0.000000, 0.113477, 7.268860, 0.021372
23.353295,  11.188434, 0.000000, 0.113219, 7.066141, 0.022465
22.975690,  11.187647, 0.000000, 0.111445, 7.168397, 0.021263
23.116151,  11.251008, 0.000000, 0.112497, 6.941092, 0.021476
22.992216,  11.230185, 0.000000, 0.113185, 7.098952, 0.021166
22.990827,  11.242044, 0.000000, 0.114000, 7.042639, 0.023673
22.885121,  11.189020, 0.000000, 0.116623, 7.005966, 0.021637
23.215747,  11.227456, 0.000000, 0.114621, 6.936043, 0.021733
