31.153732,  16.050763, 0.000000, 0.254309, 8.631800, 0.023084
31.348148,  15.804251, 0.000000, 0.258044, 8.663833, 0.023694
31.116630,  15.832626, 0.000000, 0.253772, 8.715448, 0.025980
31.631390,  15.801186, 0.000000, 0.255215, 8.600068, 0.023332
30.951937,  15.929731, 0.000000, 0.253093, 8.587715, 0.023811
31.077615,  15.817099, 0.000000, 0.253535, 8.648890, 0.023292
31.087632,  15.793758, 0.000000, 0.253222, 8.641811, 0.026427
31.215549,  15.818281, 0.000000, 0.256535, 8.678534, 0.025056
31.206689,  15.772316, 0.000000, 0.251818, 8.519528, 0.023731
31.242614,  15.771434, 0.000000, 0.254291, 8.795915, 0.023208
31.413557,  15.827529, 0.000000, 0.252913, 8.712760, 0.023701
31.168806,  15.925250, 0.000000, 0.253604, 8.700049, 0.023431
31.146888,  15.827045, 0.000000, 0.257527, 8.589156, 0.023387
31.503986,  15.831859, 0.000000, 0.253885, 8.725883, 0.023407
31.158336,  15.773691, 0.000000, 0.252676, 8.695873, 0.023456
31.189098,  15.826359, 0.000000, 0.256043, 8.566920, 0.023540
31.301482,  15.991808, 0.000000, 0.251211, 8.760055, 0.023426
31.098245,  15.765469, 0.000000, 0.250914, 8.612721, 0.024009
31.304121,  15.776086, 0.000000, 0.255504, 8.664370, 0.024697
31.026782,  15.808343, 0.000000, 0.253667, 8.666164, 0.023923
31.558072,  15.733160, 0.000000, 0.252222, 8.681311, 0.025642
31.378017,  15.806536, 0.000000, 0.256061, 8.701319, 0.024325
31.312285,  15.724146, 0.000000, 0.252920, 8.865400, 0.024379
31.165347,  15.767458, 0.000000, 0.256578, 8.561720, 0.024825
31.347338,  15.829571, 0.000000, 0.252518, 8.729855, 0.023382
31.201482,  15.839276, 0.000000, 0.252520, 8.607527, 0.023376
31.139198,  15.808874, 0.000000, 0.254533, 8.649298, 0.023418
31.389269,  15.791732, 0.000000, 0.259000, 8.692379, 0.023287
31.149943,  15.791490, 0.000000, 0.253000, 8.641342, 0.023532
31.173625,  15.938911, 0.000000, 0.252661, 8.722176, 0.023362
31.004954,  15.820736, 0.000000, 0.256878, 8.573604, 0.026173
30.984424,  15.848043, 0.000000, 0.256993, 8.533382, 0.023250
31.682259,  15.758191, 0.000000, 0.253076, 8.603399, 0.023644
31.433222,  15.814829, 0.000000, 0.251957, 8.814797, 0.025833
31.006531,  15.746997, 0.000000, 0.256072, 8.622018, 0.023883
30.989953,  15.889910, 0.000000, 0.258496, 8.537586, 0.023500
31.223895,  15.807063, 0.000000, 0.258059, 8.692481, 0.023717
31.212553,  15.777238, 0.000000, 0.257345, 8.814439, 0.023238
31.063520,  15.777217, 0.000000, 0.252782, 8.610843, 0.023496
31.334905,  15.779150, 0.000000, 0.255450, 8.623055, 0.023390
31.132370,  15.841146, 0.000000, 0.251544, 8.599540, 0.026346
31.347018,  15.792891, 0.000000, 0.253162, 8.680719, 0.024035
31.107670,  15.807662, 0.000000, 0.252282, 8.685871, 0.023342
31.134223,  15.851280, 0.000000, 0.251606, 8.708456, 0.023470
31.155997,  15.768744, 0.000000, 0.256407, 8.533666, 0.026091
31.173289,  15.914871, 0.000000, 0.252983, 8.627202, 0.026387
31.250926,  15.807326, 0.000000, 0.254870, 8.856215, 0.023321
30.776632,  15.793527, 0.000000, 0.254536, 8.337108, 0.023287
31.346034,  15.872080, 0.000000, 0.255120, 8.721459, 0.023474
31.331683,  15.811966, 0.000000, 0.252208, 8.833694, 0.023375
26.323201,  13.446603, 0.000000, 0.135272, 8.133688, 0.025781
25.918368,  13.422242, 0.000000, 0.136025, 7.830211, 0.024326
25.670577,  13.423640, 0.000000, 0.138281, 7.418209, 0.023851
25.872543,  13.418924, 0.000000, 0.137534, 7.660066, 0.024944
26.252851,  13.429590, 0.000000, 0.136174, 7.681333, 0.025498
25.946083,  13.514970, 0.000000, 0.139891, 7.814512, 0.024651
26.169614,  13.560845, 0.000000, 0.139322, 7.633896, 0.027248
25.680730,  13.435417, 0.000000, 0.137160, 7.646261, 0.022615
26.235812,  13.424226, 0.000000, 0.135510, 8.119754, 0.022512
25.824990,  13.422520, 0.000000, 0.135137, 7.481862, 0.025937
25.623962,  13.403626, 0.000000, 0.136838, 7.616389, 0.022585
25.670459,  13.402579, 0.000000, 0.138102, 7.655414, 0.022534
25.551593,  13.482702, 0.000000, 0.136332, 7.479574, 0.021506
25.784392,  13.473140, 0.000000, 0.135851, 7.660027, 0.025016
25.478705,  13.455629, 0.000000, 0.135976, 7.345980, 0.024876
25.949106,  13.446497, 0.000000, 0.137444, 7.721355, 0.023651
25.896637,  13.474581, 0.000000, 0.136098, 7.798071, 0.024977
25.786036,  13.422910, 0.000000, 0.133162, 7.646349, 0.023022
26.220075,  13.388322, 0.000000, 0.137265, 7.841264, 0.025560
25.695763,  13.408516, 0.000000, 0.135713, 7.641871, 0.023815
25.908070,  13.435253, 0.000000, 0.138040, 7.749991, 0.023522
25.548084,  13.403430, 0.000000, 0.135048, 7.517023, 0.023385
25.959572,  13.415134, 0.000000, 0.137278, 7.858379, 0.021595
25.739714,  13.422432, 0.000000, 0.135603, 7.676688, 0.027325
26.000625,  13.512462, 0.000000, 0.136824, 7.773839, 0.028098
25.953764,  13.479214, 0.000000, 0.136796, 7.785721, 0.025194
25.853052,  13.474772, 0.000000, 0.136884, 7.588757, 0.024806
25.695367,  13.464410, 0.000000, 0.137754, 7.658135, 0.023783
25.753809,  13.441470, 0.000000, 0.135658, 7.598077, 0.025168
26.394059,  13.398698, 0.000000, 0.135327, 7.487874, 0.022026
25.942825,  13.437596, 0.000000, 0.135668, 7.957661, 0.023745
26.027948,  13.448339, 0.000000, 0.136372, 7.566815, 0.025504
25.629564,  13.442152, 0.000000, 0.137602, 7.343207, 0.024321
25.680219,  13.414261, 0.000000, 0.136490, 7.644415, 0.024626
25.580248,  13.459884, 0.000000, 0.132633, 7.489703, 0.024536
26.318424,  13.436127, 0.000000, 0.134915, 8.289944, 0.025323
25.977410,  13.424672, 0.000000, 0.135778, 7.715911, 0.025724
26.146258,  13.401498, 0.000000, 0.136760, 7.943656, 0.024449
25.897842,  13.429062, 0.000000, 0.135914, 7.559347, 0.023704
25.458507,  13.442051, 0.000000, 0.136842, 7.307363, 0.024021
25.573807,  13.443679, 0.000000, 0.136963, 7.550381, 0.022492
25.514089,  13.415497, 0.000000, 0.135512, 7.233829, 0.023819
25.631457,  13.409881, 0.000000, 0.135672, 7.155609, 0.023226
25.747774,  13.464880, 0.000000, 0.135998, 7.696681, 0.024132
25.794391,  13.411137, 0.000000, 0.137628, 7.730549, 0.022438
25.618068,  13.427497, 0.000000, 0.135226, 7.452415, 0.023592
25.930717,  13.437238, 0.000000, 0.136272, 7.601786, 0.024257
26.253516,  13.408288, 0.000000, 0.137351, 7.966414, 0.025658
25.870682,  13.498734, 0.000000, 0.137286, 7.908646, 0.025097
26.262602,  13.439027, 0.000000, 0.135959, 7.796281, 0.025988
23.079424,  10.937061, 0.000000, 0.111482, 7.113785, 0.018688
23.131761,  10.912434, 0.000000, 0.111646, 7.085823, 0.017813
22.902807,  10.869175, 0.000000, 0.119053, 6.928350, 0.018575
23.138046,  10.980124, 0.000000, 0.113106, 7.270640, 0.019113
23.445952,  10.923259, 0.000000, 0.111250, 7.006522, 0.018592
22.998950,  10.903751, 0.000000, 0.109675, 7.112773, 0.019459
23.453796,  10.929929, 0.000000, 0.109124, 7.212471, 0.018340
22.862163,  10.904985, 0.000000, 0.117516, 6.926761, 0.017827
23.249918,  10.841100, 0.000000, 0.114269, 7.074155, 0.016877
23.263120,  10.852993, 0.000000, 0.114310, 7.238747, 0.018767
23.002107,  10.898489, 0.000000, 0.111528, 6.907975, 0.018525
22.964586,  10.911399, 0.000000, 0.115650, 7.147712, 0.019190
23.135836,  10.945496, 0.000000, 0.115934, 7.085163, 0.019055
23.263778,  10.866075, 0.000000, 0.117109, 6.953091, 0.017536
23.001206,  10.867631, 0.000000, 0.118005, 7.007865, 0.018653
23.330541,  10.875534, 0.000000, 0.118329, 6.992400, 0.018622
22.951547,  10.948512, 0.000000, 0.117050, 7.021193, 0.017279
23.330470,  10.865812, 0.000000, 0.111296, 7.127435, 0.017958
23.014047,  10.856735, 0.000000, 0.111976, 7.053395, 0.018917
23.580042,  10.863005, 0.000000, 0.113060, 7.256020, 0.018924
22.899569,  10.871106, 0.000000, 0.114663, 7.115684, 0.018957
23.296527,  10.932572, 0.000000, 0.114403, 7.105353, 0.017677
23.120660,  10.934959, 0.000000, 0.113353, 6.965407, 0.019730
22.964838,  10.920392, 0.000000, 0.114347, 6.979328, 0.017559
23.601295,  10.856985, 0.000000, 0.111989, 7.168535, 0.018204
22.922193,  10.898867, 0.000000, 0.113631, 7.093226, 0.017607
23.326197,  10.868281, 0.000000, 0.116588, 7.165013, 0.019247
22.752412,  10.914755, 0.000000, 0.110447, 6.952979, 0.019227
23.011829,  10.872660, 0.000000, 0.117658, 7.044588, 0.017267
23.094875,  10.931292, 0.000000, 0.115086, 7.208705, 0.019075
23.177957,  10.848684, 0.000000, 0.110770, 7.114077, 0.019149
23.124094,  10.846213, 0.000000, 0.114364, 7.260048, 0.017680
23.135803,  10.893712, 0.000000, 0.114311, 7.030049, 0.018819
23.098857,  10.903056, 0.000000, 0.116036, 7.233899, 0.019117
23.168253,  10.871556, 0.000000, 0.119080, 7.114549, 0.018004
23.030644,  10.877572, 0.000000, 0.108754, 7.069181, 0.017536
23.443935,  10.866191, 0.000000, 0.112842, 7.176971, 0.018856
23.644514,  10.821345, 0.000000, 0.114284, 6.980324, 0.018464
22.838643,  10.940053, 0.000000, 0.109260, 6.925212, 0.018999
23.469262,  10.939347, 0.000000, 0.111210, 7.168592, 0.018903
22.805293,  10.900288, 0.000000, 0.117099, 6.991972, 0.017440
23.217127,  10.989413, 0.000000, 0.112967, 7.227098, 0.018911
23.185313,  10.982506, 0.000000, 0.113657, 7.279819, 0.019349
23.278002,  10.928593, 0.000000, 0.114373, 7.128042, 0.017704
22.878793,  10.872856, 0.000000, 0.115766, 7.203688, 0.017641
23.057873,  10.850811, 0.000000, 0.114890, 6.929119, 0.018601
22.925727,  10.858549, 0.000000, 0.106878, 7.128973, 0.018952
23.154521,  10.869062, 0.000000, 0.111678, 7.048967, 0.019164
22.853610,  10.856965, 0.000000, 0.114132, 6.996448, 0.018750
23.168529,  10.860290, 0.000000, 0.113853, 6.933913, 0.018638
