27.303382,  12.571672, 0.000000, 0.127773, 4.295079, 0.020539
26.986432,  12.663313, 0.000000, 0.125216, 4.298737, 0.020629
26.629756,  12.571758, 0.000000, 0.126719, 4.343250, 0.021529
26.653539,  12.562804, 0.000000, 0.125290, 4.279828, 0.021690
26.823519,  12.605000, 0.000000, 0.126354, 4.344915, 0.022213
27.003167,  12.791307, 0.000000, 0.128591, 4.302769, 0.021547
26.974749,  12.620393, 0.000000, 0.127901, 4.272472, 0.021099
26.778480,  12.545350, 0.000000, 0.128671, 4.257135, 0.020611
27.297414,  12.554327, 0.000000, 0.127178, 4.241572, 0.022842
26.702026,  12.614449, 0.000000, 0.127721, 4.267318, 0.021566
26.827614,  12.623254, 0.000000, 0.126135, 4.280011, 0.020288
26.916609,  12.577267, 0.000000, 0.128693, 4.329358, 0.020569
26.632548,  12.593973, 0.000000, 0.128583, 4.343394, 0.020823
26.989603,  12.597075, 0.000000, 0.128657, 4.289562, 0.021641
26.490360,  12.803589, 0.000000, 0.127801, 4.282696, 0.020659
26.907715,  12.565461, 0.000000, 0.126920, 4.261347, 0.021680
26.857114,  12.597027, 0.000000, 0.126931, 4.320677, 0.020877
26.876864,  12.788389, 0.000000, 0.129444, 4.255410, 0.020927
27.224886,  12.594960, 0.000000, 0.125598, 4.333637, 0.020752
26.720501,  12.600911, 0.000000, 0.127215, 4.293519, 0.020729
27.010110,  12.592040, 0.000000, 0.124650, 4.292321, 0.021689
26.685306,  12.618899, 0.000000, 0.126568, 4.263021, 0.021200
27.229607,  12.617939, 0.000000, 0.130210, 4.268416, 0.020088
26.846301,  12.595609, 0.000000, 0.127656, 4.324274, 0.021634
27.079377,  12.581552, 0.000000, 0.127555, 4.307784, 0.022218
26.946559,  12.585856, 0.000000, 0.128113, 4.345844, 0.021332
26.869499,  12.568083, 0.000000, 0.125907, 4.278785, 0.021589
26.968186,  12.602615, 0.000000, 0.125207, 4.286338, 0.020888
26.961332,  12.550432, 0.000000, 0.127355, 4.273326, 0.020696
26.635470,  12.742818, 0.000000, 0.127209, 4.357847, 0.020854
27.098302,  12.611299, 0.000000, 0.130574, 4.321518, 0.020616
26.809000,  12.602843, 0.000000, 0.128162, 4.282838, 0.021423
26.548079,  12.616929, 0.000000, 0.128757, 4.359488, 0.021632
26.819941,  12.598533, 0.000000, 0.128921, 4.293938, 0.020863
26.687365,  12.560005, 0.000000, 0.126686, 4.272364, 0.023149
27.481892,  12.541491, 0.000000, 0.129693, 4.244851, 0.021448
26.843484,  12.596265, 0.000000, 0.127949, 4.305636, 0.020805
27.045731,  12.553897, 0.000000, 0.126965, 4.241133, 0.021033
26.669537,  12.545614, 0.000000, 0.127394, 4.261258, 0.021517
26.632773,  12.622727, 0.000000, 0.128488, 4.329729, 0.021977
26.753901,  12.582688, 0.000000, 0.129492, 4.299122, 0.020469
26.668609,  12.614751, 0.000000, 0.126690, 4.289162, 0.021489
26.362069,  12.573741, 0.000000, 0.127094, 4.271146, 0.020986
26.763815,  12.592379, 0.000000, 0.127426, 4.323135, 0.020777
26.987496,  12.585273, 0.000000, 0.126503, 4.249674, 0.020881
26.668130,  12.574920, 0.000000, 0.125942, 4.277421, 0.020584
26.841981,  12.551185, 0.000000, 0.128204, 4.241832, 0.021856
27.163721,  12.571844, 0.000000, 0.129323, 4.295221, 0.021464
27.093918,  12.588642, 0.000000, 0.127795, 4.369246, 0.020866
26.945440,  12.588071, 0.000000, 0.127220, 4.332022, 0.021405
23.234659,  11.311259, 0.000000, 0.110000, 6.159717, 0.026753
23.121031,  11.295236, 0.000000, 0.113169, 6.253005, 0.027075
22.882670,  11.249599, 0.000000, 0.112034, 6.291155, 0.026813
23.346375,  11.196356, 0.000000, 0.111449, 6.136652, 0.026822
23.009616,  11.318871, 0.000000, 0.110445, 6.526328, 0.026521
23.376367,  11.236880, 0.000000, 0.106779, 6.277669, 0.027419
23.534451,  11.241040, 0.000000, 0.108764, 6.252228, 0.026534
23.012991,  11.270278, 0.000000, 0.109614, 6.201827, 0.027606
23.150605,  11.235126, 0.000000, 0.108532, 6.211749, 0.026830
23.478109,  11.140925, 0.000000, 0.109085, 6.185718, 0.027149
23.104276,  11.220761, 0.000000, 0.114300, 6.127294, 0.026526
23.774893,  11.291255, 0.000000, 0.113663, 6.401780, 0.027218
23.314168,  11.300204, 0.000000, 0.117023, 6.146400, 0.026747
23.049781,  11.212510, 0.000000, 0.114290, 6.253575, 0.027425
23.361518,  11.273851, 0.000000, 0.116457, 6.290746, 0.026983
22.982278,  11.311044, 0.000000, 0.112210, 6.114755, 0.026963
23.476424,  11.270608, 0.000000, 0.111206, 6.275598, 0.026840
23.128422,  11.277018, 0.000000, 0.107958, 6.339072, 0.027670
23.069004,  11.209585, 0.000000, 0.109707, 6.082926, 0.027058
23.246174,  11.303532, 0.000000, 0.114876, 6.374910, 0.026955
22.974187,  11.318744, 0.000000, 0.113078, 6.169438, 0.026810
23.471353,  11.324090, 0.000000, 0.113689, 6.316412, 0.026800
22.993428,  11.318615, 0.000000, 0.114737, 6.192956, 0.028687
23.065043,  11.302267, 0.000000, 0.113920, 6.224079, 0.025446
23.567772,  11.293100, 0.000000, 0.117081, 6.306378, 0.027217
22.989597,  11.231240, 0.000000, 0.114934, 6.279767, 0.027070
23.192333,  11.284931, 0.000000, 0.108048, 6.283191, 0.026811
22.862300,  11.198447, 0.000000, 0.107645, 6.180348, 0.027075
23.157338,  11.172105, 0.000000, 0.109341, 6.482223, 0.026556
23.522583,  11.137283, 0.000000, 0.108113, 6.114242, 0.026948
23.204389,  11.206806, 0.000000, 0.107446, 6.248103, 0.028007
23.538291,  11.206168, 0.000000, 0.111785, 6.410896, 0.027055
23.525491,  11.295867, 0.000000, 0.113668, 6.195863, 0.026908
23.060527,  11.210459, 0.000000, 0.108447, 6.089233, 0.027202
23.223087,  11.346187, 0.000000, 0.116596, 6.186098, 0.026327
23.379143,  11.291759, 0.000000, 0.110655, 6.170095, 0.026773
23.272252,  11.228348, 0.000000, 0.112949, 6.208851, 0.027112
23.064781,  11.225423, 0.000000, 0.110877, 6.328067, 0.027303
23.070601,  11.145921, 0.000000, 0.110897, 6.387164, 0.026826
23.347376,  11.277011, 0.000000, 0.109495, 6.301149, 0.026793
23.124052,  11.221636, 0.000000, 0.114899, 6.171490, 0.027251
23.403169,  11.336114, 0.000000, 0.112562, 6.172608, 0.026891
23.188132,  11.293838, 0.000000, 0.114455, 6.255129, 0.026618
23.026778,  11.345269, 0.000000, 0.112619, 6.237563, 0.026821
23.067366,  11.308739, 0.000000, 0.115408, 6.422101, 0.026747
22.989522,  11.267307, 0.000000, 0.106910, 6.520140, 0.027063
23.012929,  11.184464, 0.000000, 0.109681, 6.364581, 0.026765
23.042830,  11.217820, 0.000000, 0.113341, 6.483005, 0.026376
23.098454,  11.247717, 0.000000, 0.107876, 6.417999, 0.026778
23.424571,  11.197139, 0.000000, 0.114984, 6.233117, 0.027363
