312.458752,  273.665607, 0.000000, 0.630669, 17.831267, 0.029158
313.245508,  273.894809, 0.000000, 0.627578, 17.706015, 0.028639
313.043113,  275.176175, 0.000000, 0.638377, 17.690666, 0.029451
314.963967,  275.431550, 0.000000, 0.629258, 17.850232, 0.030032
314.035952,  274.643178, 0.000000, 0.617859, 17.621979, 0.029037
313.233289,  275.220786, 0.000000, 0.631098, 17.832206, 0.028583
313.342057,  274.723620, 0.000000, 0.624711, 18.008380, 0.028961
310.981993,  273.055562, 0.000000, 0.624215, 17.621172, 0.028759
309.014676,  271.605604, 0.000000, 0.616689, 17.600920, 0.029321
307.655776,  269.689604, 0.000000, 0.624099, 17.810857, 0.030042
310.805474,  271.131083, 0.000000, 0.629285, 17.999971, 0.029157
309.655070,  270.082056, 0.000000, 0.628105, 17.898504, 0.028556
312.524690,  274.598482, 0.000000, 0.627579, 17.927315, 0.031536
309.041693,  269.841024, 0.000000, 0.623186, 17.801260, 0.028590
309.938877,  271.837483, 0.000000, 0.621178, 17.815009, 0.028365
310.499361,  272.162516, 0.000000, 0.615590, 17.716266, 0.029303
309.967912,  271.352908, 0.000000, 0.624499, 18.025769, 0.028684
312.107770,  273.344335, 0.000000, 0.632008, 17.940839, 0.029449
313.437630,  274.577953, 0.000000, 0.627473, 18.117846, 0.028752
312.059996,  273.368131, 0.000000, 0.631886, 17.988886, 0.029097
312.566038,  275.307892, 0.000000, 0.639228, 17.838239, 0.029752
314.092754,  274.999780, 0.000000, 0.630465, 18.178336, 0.029155
313.175301,  274.215486, 0.000000, 0.622796, 17.744833, 0.028619
313.927868,  275.041589, 0.000000, 0.633757, 17.894546, 0.029064
312.548752,  273.762268, 0.000000, 0.633689, 17.937284, 0.029070
315.142277,  274.750239, 0.000000, 0.629379, 18.077113, 0.029933
313.925897,  275.247102, 0.000000, 0.637826, 17.680205, 0.030058
313.421271,  275.402610, 0.000000, 0.629088, 17.665081, 0.029023
314.760130,  276.223069, 0.000000, 0.625149, 18.166194, 0.029074
312.937143,  274.831655, 0.000000, 0.634127, 18.075500, 0.028472
313.890788,  275.413430, 0.000000, 0.623138, 17.769485, 0.028456
314.586629,  276.021813, 0.000000, 0.624643, 18.017400, 0.028648
315.657204,  275.663560, 0.000000, 0.628278, 17.768912, 0.028931
313.358713,  275.116510, 0.000000, 0.629029, 17.855682, 0.028330
313.872492,  275.479603, 0.000000, 0.631995, 17.943171, 0.029221
314.753064,  275.469109, 0.000000, 0.627617, 18.051313, 0.029341
313.602904,  273.579151, 0.000000, 0.632252, 17.797080, 0.028780
312.659562,  275.364715, 0.000000, 0.623857, 17.762183, 0.028750
313.937144,  274.490773, 0.000000, 0.629918, 18.077169, 0.028397
309.804971,  271.300812, 0.000000, 0.622826, 17.763611, 0.028670
308.641047,  271.495655, 0.000000, 0.622455, 17.633573, 0.028254
309.771993,  271.481665, 0.000000, 0.628160, 17.910702, 0.028725
312.540302,  273.142185, 0.000000, 0.629040, 17.948768, 0.032778
311.473471,  273.357388, 0.000000, 0.625176, 17.697698, 0.028749
309.686551,  271.377156, 0.000000, 0.625501, 17.797642, 0.028699
310.420156,  271.605785, 0.000000, 0.626580, 17.708668, 0.028297
314.832876,  275.776949, 0.000000, 0.628959, 18.101467, 0.029419
311.888471,  272.910428, 0.000000, 0.632208, 17.544162, 0.028847
311.716142,  273.837172, 0.000000, 0.626161, 18.129239, 0.031413
313.337728,  275.223862, 0.000000, 0.635323, 18.039289, 0.029289
565.513686,  490.230666, 0.000000, 0.608634, 35.883932, 0.040439
568.108303,  489.762937, 0.000000, 0.606375, 35.588346, 0.039650
565.165348,  489.187031, 0.000000, 0.608746, 34.772399, 0.041163
567.984998,  494.025562, 0.000000, 0.616072, 34.701244, 0.037680
571.097187,  491.652908, 0.000000, 0.606574, 38.101628, 0.039819
567.500485,  491.187239, 0.000000, 0.610985, 35.568921, 0.038294
567.122718,  491.999149, 0.000000, 0.614842, 35.228413, 0.039793
562.115387,  486.063370, 0.000000, 0.605846, 36.204795, 0.046274
564.148834,  487.940932, 0.000000, 0.610388, 35.136266, 0.041264
562.439068,  487.735081, 0.000000, 0.606093, 34.859460, 0.045388
564.601468,  487.666327, 0.000000, 0.607225, 36.492195, 0.043149
565.490982,  492.183434, 0.000000, 0.607556, 33.172011, 0.040199
570.341604,  490.731420, 0.000000, 0.616351, 36.084408, 0.040755
567.934794,  491.016245, 0.000000, 0.618313, 37.377769, 0.040674
568.475626,  492.899839, 0.000000, 0.611415, 36.154544, 0.038948
569.884941,  492.941163, 0.000000, 0.614671, 35.412120, 0.040229
568.803682,  493.562781, 0.000000, 0.612925, 36.169936, 0.040190
566.800768,  491.059818, 0.000000, 0.616664, 35.060160, 0.040220
567.023023,  490.404727, 0.000000, 0.616395, 35.193444, 0.040843
570.699317,  490.284540, 0.000000, 0.616594, 39.206894, 0.039753
569.750786,  492.674648, 0.000000, 0.609881, 36.920553, 0.041804
568.189914,  492.448725, 0.000000, 0.612817, 34.341943, 0.040504
565.618470,  490.865682, 0.000000, 0.615638, 34.646862, 0.041130
568.276072,  490.070591, 0.000000, 0.618809, 37.036781, 0.039856
567.385777,  491.978400, 0.000000, 0.614540, 35.592928, 0.040062
568.344146,  493.755728, 0.000000, 0.616779, 36.360148, 0.044776
567.478064,  492.221461, 0.000000, 0.616451, 35.401281, 0.038406
569.007144,  491.266335, 0.000000, 0.613390, 35.854146, 0.039747
567.982287,  491.291673, 0.000000, 0.611733, 35.958268, 0.040766
567.516562,  490.986578, 0.000000, 0.611863, 35.495108, 0.040918
568.759536,  491.414332, 0.000000, 0.613074, 36.847032, 0.040522
567.823543,  492.054888, 0.000000, 0.615541, 34.811556, 0.040001
568.810429,  492.139554, 0.000000, 0.609677, 35.760005, 0.040237
567.968320,  492.411187, 0.000000, 0.613474, 34.502637, 0.040810
568.257601,  492.561542, 0.000000, 0.613872, 35.216144, 0.040170
569.143352,  492.529874, 0.000000, 0.612743, 35.233470, 0.038672
568.528980,  491.948898, 0.000000, 0.611910, 37.240923, 0.039829
566.024051,  490.420807, 0.000000, 0.617200, 35.048338, 0.041368
571.416741,  494.307267, 0.000000, 0.614559, 37.323619, 0.040727
567.588154,  492.224280, 0.000000, 0.622185, 35.605764, 0.041151
569.857938,  496.353405, 0.000000, 0.613774, 36.704694, 0.044413
568.697325,  493.283979, 0.000000, 0.615529, 35.009128, 0.039735
569.315803,  493.083263, 0.000000, 0.615266, 36.120037, 0.041431
566.825590,  491.062760, 0.000000, 0.618117, 34.697534, 0.058374
570.108566,  489.349196, 0.000000, 0.616393, 37.146612, 0.039625
569.516015,  492.114768, 0.000000, 0.618652, 36.465578, 0.038835
571.810612,  495.161693, 0.000000, 0.616375, 36.344247, 0.040685
568.838912,  493.168354, 0.000000, 0.617115, 36.661414, 0.042066
567.925522,  491.902455, 0.000000, 0.610448, 36.108345, 0.039754
567.428716,  490.689798, 0.000000, 0.611357, 35.832603, 0.039879
821.390584,  735.567002, 0.000000, 0.627311, 52.926977, 0.054217
821.968672,  737.236531, 0.000000, 0.624279, 50.936032, 0.055002
821.754621,  737.946278, 0.000000, 0.623178, 52.348053, 0.054378
819.552864,  734.777620, 0.000000, 0.622731, 51.311978, 0.054448
824.738237,  739.193013, 0.000000, 0.626396, 51.814215, 0.057816
822.332164,  736.619700, 0.000000, 0.626951, 51.266807, 0.052986
825.264779,  736.682837, 0.000000, 0.627859, 51.587554, 0.057100
823.802748,  740.179671, 0.000000, 0.629612, 51.828641, 0.053463
822.593381,  737.198205, 0.000000, 0.626743, 50.512457, 0.057117
823.061147,  737.716974, 0.000000, 0.623350, 51.908543, 0.054749
820.570399,  734.534421, 0.000000, 0.625272, 51.777175, 0.054867
821.666882,  737.463829, 0.000000, 0.624015, 50.342253, 0.054183
826.352082,  742.788730, 0.000000, 0.628156, 48.747316, 0.053058
822.968972,  736.849218, 0.000000, 0.615937, 50.997861, 0.053690
824.420956,  733.615105, 0.000000, 0.620210, 50.244438, 0.053950
823.200362,  737.022525, 0.000000, 0.623980, 51.445214, 0.057802
822.904882,  738.466379, 0.000000, 0.628929, 50.598327, 0.054498
824.642200,  737.637954, 0.000000, 0.622957, 49.203386, 0.062585
821.948090,  734.999253, 0.000000, 0.620185, 53.108252, 0.058179
819.711915,  728.544960, 0.000000, 0.632147, 50.796252, 0.059953
823.036723,  738.007672, 0.000000, 0.629005, 51.879868, 0.054878
822.958640,  738.465152, 0.000000, 0.628995, 52.282607, 0.058112
827.874167,  737.793520, 0.000000, 0.619815, 51.470387, 0.053861
824.395467,  741.317584, 0.000000, 0.634018, 51.402182, 0.057609
824.457018,  741.548161, 0.000000, 0.630192, 49.566195, 0.060272
823.521749,  735.987650, 0.000000, 0.620901, 53.062564, 0.054751
822.910597,  734.689265, 0.000000, 0.626049, 51.061058, 0.056626
822.500540,  736.679916, 0.000000, 0.623782, 49.439933, 0.056185
823.062797,  735.173329, 0.000000, 0.628249, 49.974597, 0.058334
819.187321,  734.681582, 0.000000, 0.627183, 49.486225, 0.057603
818.163606,  731.257993, 0.000000, 0.632024, 50.447503, 0.055643
817.136794,  730.976216, 0.000000, 0.627599, 50.103165, 0.053556
816.761768,  730.642305, 0.000000, 0.648514, 48.391399, 0.053056
821.582221,  736.582888, 0.000000, 0.635005, 49.533208, 0.054903
823.921382,  732.772919, 0.000000, 0.632349, 52.443591, 0.058308
817.793464,  730.211661, 0.000000, 0.630980, 50.853980, 0.055974
816.930157,  727.510340, 0.000000, 0.628463, 49.363206, 0.052053
822.084830,  732.020649, 0.000000, 0.627976, 49.926857, 0.058463
815.200437,  730.990894, 0.000000, 0.630669, 50.449293, 0.053129
814.919675,  728.947468, 0.000000, 0.624912, 49.440840, 0.057410
816.662154,  718.799388, 0.000000, 0.623700, 49.117844, 0.055429
815.355287,  721.077544, 0.000000, 0.627546, 49.015892, 0.055409
815.945233,  722.943472, 0.000000, 0.632381, 49.055443, 0.054667
815.335389,  719.598253, 0.000000, 0.628995, 49.026410, 0.052739
817.533564,  717.921884, 0.000000, 0.627492, 50.741454, 0.058384
815.135885,  729.194085, 0.000000, 0.626308, 51.469684, 0.053442
817.771036,  731.905549, 0.000000, 0.627902, 49.444696, 0.055366
815.759658,  730.691193, 0.000000, 0.626586, 50.156347, 0.057863
818.790905,  720.887176, 0.000000, 0.623141, 50.716890, 0.053572
811.100627,  722.150011, 0.000000, 0.626820, 48.315047, 0.057506
