65.766350,50.650038,0.000000,0.111221,6.846048,0.011837
65.538701,50.256352,0.000000,0.116652,6.983421,0.011210
65.607384,50.730439,0.000000,0.111989,6.974512,0.011195
65.550825,50.354160,0.000000,0.114407,6.766630,0.012341
65.278973,50.212829,0.000000,0.111939,7.233421,0.011950
65.187173,50.632122,0.000000,0.111664,6.935119,0.011974
65.223128,50.215340,0.000000,0.115017,7.004337,0.011677
65.390510,50.178508,0.000000,0.110643,6.917717,0.011816
65.275660,50.629056,0.000000,0.113988,6.954216,0.011816
65.029065,50.369294,0.000000,0.115161,7.059801,0.011763
65.611210,50.644603,0.000000,0.115189,6.817689,0.012133
65.694468,50.379412,0.000000,0.110089,6.851317,0.011682
65.102864,50.536548,0.000000,0.113057,6.562954,0.011631
65.146022,50.165666,0.000000,0.113446,6.896770,0.011749
65.325460,50.422757,0.000000,0.110059,6.947937,0.011849
65.654095,50.427562,0.000000,0.114220,6.830766,0.011293
64.955243,50.242265,0.000000,0.112457,7.043114,0.011761
65.267915,50.495188,0.000000,0.114361,6.885628,0.011424
65.738781,50.511636,0.000000,0.113605,6.515313,0.011594
65.218798,50.156741,0.000000,0.114793,6.906232,0.011461
65.576434,50.426983,0.000000,0.111025,6.781783,0.011445
65.647801,50.286152,0.000000,0.115024,7.100456,0.011466
65.292233,50.258529,0.000000,0.111350,6.866746,0.011809
65.099239,50.109812,0.000000,0.110925,6.915293,0.011793
65.702330,50.462102,0.000000,0.112460,6.983676,0.011777
65.027350,50.293286,0.000000,0.111029,6.740522,0.011632
65.178156,50.371502,0.000000,0.113757,6.571629,0.011547
65.369904,50.385368,0.000000,0.111687,6.787248,0.011348
65.446213,50.388206,0.000000,0.111713,6.857324,0.011249
65.494319,50.408599,0.000000,0.109829,7.021622,0.011562
65.460269,50.806548,0.000000,0.113418,6.988482,0.011764
65.854949,50.706474,0.000000,0.109501,6.953884,0.011956
64.982217,50.489096,0.000000,0.113472,7.029847,0.011270
65.226262,50.548396,0.000000,0.115291,6.643881,0.011915
65.163542,50.532410,0.000000,0.116810,6.710379,0.011373
66.039724,50.443779,0.000000,0.112935,7.197315,0.011522
65.124319,50.312173,0.000000,0.115501,6.827302,0.011662
65.207968,50.596790,0.000000,0.111916,6.921125,0.011632
65.677956,50.470869,0.000000,0.111628,6.812789,0.011698
65.147227,50.863664,0.000000,0.116880,6.911345,0.011846
65.119616,50.664665,0.000000,0.111630,6.910959,0.011684
65.291491,50.278832,0.000000,0.114549,6.858817,0.011584
66.271595,50.423093,0.000000,0.112877,7.163812,0.011679
65.655857,50.380266,0.000000,0.114931,6.802510,0.011493
65.411017,50.673003,0.000000,0.110512,7.048806,0.011760
65.180149,50.504840,0.000000,0.113262,6.702016,0.011882
65.582923,50.389850,0.000000,0.114674,7.131556,0.011565
65.140575,50.607210,0.000000,0.110639,7.084324,0.011817
65.279301,50.832434,0.000000,0.113932,6.733834,0.011209
65.335451,50.326243,0.000000,0.111935,6.903193,0.011100
83.332710,70.304160,0.000000,0.137352,7.683334,0.010445
83.202756,70.460144,0.000000,0.186481,8.022718,0.010764
82.693392,70.096968,0.000000,0.133790,7.374637,0.011068
82.839322,70.860566,0.000000,0.188670,7.234488,0.011456
82.909160,70.222203,0.000000,0.185700,7.589906,0.011213
82.892590,70.240599,0.000000,0.132169,7.126944,0.010303
83.359930,70.458310,0.000000,0.133546,7.745001,0.011376
82.656058,70.342025,0.000000,0.185447,7.311954,0.009941
82.901187,70.272720,0.000000,0.190189,7.603362,0.010477
82.858619,69.975909,0.000000,0.136119,7.353100,0.011134
83.408395,70.481538,0.000000,0.187597,7.994378,0.011456
82.428858,70.087736,0.000000,0.180530,7.068769,0.010180
82.860073,70.351318,0.000000,0.190809,7.459308,0.011118
83.677008,70.220227,0.000000,0.183163,7.719207,0.010125
83.469573,70.201182,0.000000,0.185888,7.634678,0.010365
83.243953,70.178379,0.000000,0.182956,7.703339,0.011125
83.094671,70.194417,0.000000,0.137161,7.793989,0.010895
82.605906,69.961724,0.000000,0.186571,7.382492,0.011018
82.675466,70.469173,0.000000,0.177794,7.570126,0.010115
82.961348,70.312758,0.000000,0.132778,7.485089,0.010055
83.650200,70.638891,0.000000,0.187172,7.573581,0.011139
84.320437,70.271645,0.000000,0.184031,7.848220,0.011127
83.035750,70.422950,0.000000,0.182458,7.695447,0.010957
83.148767,70.448843,0.000000,0.194726,7.715295,0.011274
83.149992,70.162904,0.000000,0.188029,7.551018,0.011069
83.010578,69.866956,0.000000,0.179169,7.224835,0.011160
82.655339,70.222962,0.000000,0.188772,7.249460,0.011305
83.295450,70.771623,0.000000,0.134447,7.886876,0.010386
82.883392,70.613113,0.000000,0.188877,7.476074,0.009966
83.002793,70.173401,0.000000,0.133934,7.319329,0.010542
82.905282,70.047855,0.000000,0.184943,7.498474,0.011531
82.674088,71.076503,0.000000,0.188621,7.065842,0.010979
83.218919,70.219802,0.000000,0.180104,7.891465,0.011367
82.522281,70.298309,0.000000,0.184611,7.389938,0.010606
83.331520,70.088528,0.000000,0.138570,7.722801,0.010382
83.133946,70.544801,0.000000,0.185757,7.813828,0.011199
83.168420,70.304580,0.000000,0.190996,7.978603,0.010545
83.609422,69.881608,0.000000,0.134133,8.005691,0.011146
83.022015,70.333931,0.000000,0.182372,7.133702,0.010286
83.135371,70.186751,0.000000,0.182826,7.124463,0.010265
82.953897,70.216396,0.000000,0.133833,7.648509,0.010214
83.211208,70.215564,0.000000,0.136575,7.441421,0.009909
83.134000,70.086997,0.000000,0.132527,7.375409,0.010829
82.753147,70.312113,0.000000,0.190492,7.608067,0.010168
83.115485,70.231895,0.000000,0.190813,7.640870,0.011077
83.021041,70.358593,0.000000,0.135210,7.425376,0.010937
83.668240,70.197636,0.000000,0.185152,7.915674,0.011666
83.269740,70.387883,0.000000,0.194612,7.889319,0.009996
82.916408,70.482689,0.000000,0.182936,7.173734,0.010407
83.321416,70.384160,0.000000,0.186039,7.656854,0.011062
120.552305,107.062499,0.000000,0.298948,8.045937,0.013920
120.399088,107.365078,0.000000,0.296979,8.024273,0.014033
120.201620,106.998561,0.000000,0.297742,8.121665,0.013845
119.884187,106.689309,0.000000,0.285203,7.924477,0.014466
120.435099,107.419889,0.000000,0.291042,8.091861,0.013888
121.004758,107.732854,0.000000,0.304343,7.957807,0.013951
120.560177,107.697550,0.000000,0.298797,8.134084,0.013847
120.087445,107.424717,0.000000,0.289494,8.201815,0.014312
120.443190,108.059245,0.000000,0.397748,7.936191,0.013876
120.111240,107.241068,0.000000,0.298533,8.191015,0.013939
120.014269,107.017036,0.000000,0.295505,8.169731,0.013850
120.437133,107.647633,0.000000,0.297913,8.069945,0.013921
120.213276,107.593409,0.000000,0.282437,8.053690,0.013951
120.344110,107.011583,0.000000,0.291281,8.041078,0.013486
119.818247,107.589770,0.000000,0.314452,7.667432,0.013830
120.769317,107.090728,0.000000,0.288411,8.041376,0.014121
120.498637,107.100146,0.000000,0.299562,8.195469,0.014555
120.545676,107.650854,0.000000,0.297958,7.982915,0.014298
120.554020,107.810946,0.000000,0.290599,7.927109,0.013465
120.622367,107.311097,0.000000,0.295945,8.088058,0.013776
120.119778,106.673529,0.000000,0.296588,7.991968,0.014089
120.022363,107.353107,0.000000,0.300580,7.994142,0.014084
120.233680,106.786900,0.000000,0.295755,8.053190,0.014467
120.207909,107.601439,0.000000,0.301682,8.147784,0.014396
120.066167,107.413279,0.000000,0.296881,8.124820,0.014432
120.222610,106.956982,0.000000,0.384330,7.944395,0.013870
121.154951,107.631294,0.000000,0.300154,8.054305,0.013977
120.295454,107.472137,0.000000,0.294641,8.083791,0.014230
120.584765,107.136351,0.000000,0.295771,8.094008,0.014162
119.501760,107.131488,0.000000,0.283924,7.677594,0.014279
121.186893,107.343121,0.000000,0.295303,8.197318,0.013902
121.106666,107.487880,0.000000,0.282346,8.089396,0.013838
120.777224,107.448939,0.000000,0.290039,7.950382,0.013926
120.272384,107.196789,0.000000,0.294741,8.231693,0.013867
120.868805,107.442155,0.000000,0.297869,8.078345,0.014114
120.603098,107.276120,0.000000,0.295351,8.035590,0.014009
120.054447,106.757906,0.000000,0.294843,8.115291,0.013837
120.280217,107.534728,0.000000,0.391112,8.027953,0.014045
119.935460,107.008072,0.000000,0.289313,7.954989,0.013909
119.613556,107.565010,0.000000,0.288300,7.642061,0.013830
120.298496,107.225376,0.000000,0.295265,8.201908,0.014046
120.375837,107.564088,0.000000,0.299206,8.208805,0.014438
120.252927,106.967761,0.000000,0.301424,8.057991,0.014152
120.166840,106.918456,0.000000,0.293912,8.094286,0.014388
120.246758,107.558037,0.000000,0.295171,7.988489,0.013970
120.756418,107.344212,0.000000,0.290675,8.013221,0.014311
120.257903,107.402995,0.000000,0.295877,8.146272,0.014180
121.022783,107.693780,0.000000,0.296496,8.078610,0.013806
120.401972,107.549158,0.000000,0.396649,8.013494,0.013800
120.098170,107.181482,0.000000,0.288374,8.174843,0.013887
157.100679,146.597318,0.000000,0.590692,4.673610,0.023952
156.796553,146.401791,0.000000,0.587989,4.780051,0.023926
156.669277,146.527144,0.000000,0.589185,4.721694,0.023726
157.488771,146.714198,0.000000,0.595147,4.703038,0.024099
160.735257,153.080619,0.000000,0.615771,4.777444,0.023321
156.965521,146.893286,0.000000,0.587941,4.749712,0.024084
157.284910,148.654447,0.000000,0.603784,4.777275,0.023659
157.379591,146.881995,0.000000,0.600535,4.768590,0.023964
157.559816,147.179891,0.000000,0.601622,4.738406,0.023844
156.959392,145.958891,0.000000,0.602219,4.716524,0.023830
157.753820,147.038729,0.000000,0.584861,4.755079,0.024108
157.032649,146.987144,0.000000,0.592535,4.712616,0.023040
156.727489,146.749940,0.000000,0.601742,4.594394,0.024383
160.616523,152.619832,0.000000,0.603913,4.705106,0.025104
157.250431,146.078231,0.000000,0.594119,4.729241,0.023689
157.816728,146.351247,0.000000,0.598560,4.809571,0.023884
157.718898,146.739570,0.000000,0.591294,4.767980,0.023700
156.336678,146.700608,0.000000,0.602220,4.779128,0.023829
158.746114,146.806348,0.000000,0.597610,4.692597,0.023838
156.627378,146.530123,0.000000,0.587713,4.751087,0.023809
156.463667,146.716516,0.000000,0.600291,4.754994,0.023756
156.884411,146.765020,0.000000,0.604482,4.817232,0.023740
157.511403,146.975547,0.000000,0.591932,4.706896,0.023950
156.344268,145.932152,0.000000,0.595072,4.835614,0.023942
155.921086,145.699636,0.000000,0.596593,4.803526,0.023855
157.285825,146.628589,0.000000,0.590771,4.732075,0.024170
157.016752,146.035544,0.000000,0.592839,4.735259,0.023817
156.102192,146.624068,0.000000,0.589170,4.729082,0.023711
156.679447,146.946212,0.000000,0.589931,4.778123,0.023726
156.191868,146.219664,0.000000,0.593096,4.736612,0.024159
157.358939,146.485694,0.000000,0.587657,4.736492,0.023012
156.002279,145.826674,0.000000,0.589505,4.790778,0.023926
156.232800,145.724870,0.000000,0.594317,4.760256,0.023761
156.266197,146.336730,0.000000,0.592115,4.818506,0.023919
157.549511,145.923021,0.000000,0.600323,4.781960,0.024082
156.511455,146.410426,0.000000,0.594753,4.788437,0.024321
157.216293,146.062546,0.000000,0.578568,4.754974,0.023779
157.058153,148.295037,0.000000,0.592089,4.715738,0.021841
158.310141,146.567297,0.000000,0.570011,4.745388,0.023377
157.924984,146.459539,0.000000,0.602497,4.786217,0.024017
155.760664,146.264730,0.000000,0.596332,4.790086,0.023951
157.451687,147.509930,0.000000,0.586900,4.737425,0.023369
156.982387,146.645501,0.000000,0.591372,4.797620,0.023887
157.657711,146.784619,0.000000,0.593252,4.736621,0.023887
158.257220,146.936324,0.000000,0.595736,4.739874,0.023870
157.279438,147.139191,0.000000,0.594075,4.754481,0.023276
157.472659,146.118575,0.000000,0.588660,4.707932,0.023956
159.174853,148.290398,0.000000,0.589622,4.723582,0.024757
156.894942,146.727758,0.000000,0.601563,4.753657,0.024319
157.267549,146.810824,0.000000,0.601237,4.750135,0.023904
