65.449718,49.738461,0.000000,0.116775,7.153735,0.016840
65.286291,49.470986,0.000000,0.109044,7.194061,0.016980
65.197385,49.646750,0.000000,0.111402,7.126973,0.017327
64.991376,49.669369,0.000000,0.117870,7.023231,0.017343
65.032290,49.615211,0.000000,0.110269,7.332113,0.017004
64.751445,49.701837,0.000000,0.114882,7.016851,0.017034
65.199839,49.668536,0.000000,0.114909,7.258380,0.016818
65.135016,49.684534,0.000000,0.117528,7.062781,0.016883
65.034638,49.534960,0.000000,0.114396,7.232628,0.017404
64.791582,49.617930,0.000000,0.114741,7.127093,0.016876
65.301356,49.735639,0.000000,0.117260,7.066513,0.017344
65.443894,49.721014,0.000000,0.116015,7.131381,0.016798
64.922088,50.514027,0.000000,0.129631,6.965620,0.016728
65.170168,49.665290,0.000000,0.118187,7.188472,0.016514
64.732437,49.670845,0.000000,0.117032,7.196493,0.016651
65.142149,49.410706,0.000000,0.119264,7.066748,0.017377
64.749100,49.530617,0.000000,0.117477,7.121143,0.016796
64.994268,49.681065,0.000000,0.113440,7.048005,0.016467
64.889777,49.595770,0.000000,0.114178,6.866902,0.016076
64.956703,49.340162,0.000000,0.115330,7.091557,0.017097
65.342033,49.903578,0.000000,0.117081,7.138227,0.016253
65.047686,49.502844,0.000000,0.115597,7.179393,0.016207
64.854405,49.353001,0.000000,0.115123,7.070963,0.017135
64.908334,49.394754,0.000000,0.111541,7.041208,0.016986
65.015527,49.478870,0.000000,0.115789,7.234439,0.016760
64.759057,49.440358,0.000000,0.114892,7.187460,0.016136
64.825450,49.725237,0.000000,0.117717,6.962890,0.016355
65.191239,49.710526,0.000000,0.116082,7.195975,0.016869
65.000987,49.613154,0.000000,0.113988,7.079940,0.016777
65.254871,49.369387,0.000000,0.117288,7.238433,0.016865
64.753548,49.457957,0.000000,0.114864,7.130757,0.016435
65.123357,49.548830,0.000000,0.117477,7.175431,0.017096
64.724620,49.614862,0.000000,0.116348,7.200578,0.016744
64.956294,49.263362,0.000000,0.115458,6.857707,0.016686
65.044076,49.706843,0.000000,0.110484,7.021505,0.016967
65.085842,49.710639,0.000000,0.116723,7.333905,0.016655
65.036392,49.602281,0.000000,0.115997,7.013494,0.016616
64.954957,49.473166,0.000000,0.116246,7.203190,0.016556
65.229857,49.538822,0.000000,0.115713,6.990510,0.016948
64.857862,49.293129,0.000000,0.113649,7.056917,0.018267
65.175310,49.377060,0.000000,0.108078,7.157108,0.016385
65.228713,49.592516,0.000000,0.118450,7.079847,0.016518
65.162324,49.503183,0.000000,0.114378,7.257364,0.016604
65.294164,49.539442,0.000000,0.113012,7.019320,0.016037
65.450194,49.885947,0.000000,0.118977,7.215807,0.016955
65.149819,49.636750,0.000000,0.109407,7.085440,0.016993
65.338992,49.607096,0.000000,0.113338,7.370078,0.016879
64.881891,49.451701,0.000000,0.120065,7.078993,0.016407
65.167398,49.711717,0.000000,0.111061,6.953955,0.016780
65.070182,49.501058,0.000000,0.118311,7.194475,0.016548
83.367116,71.193140,0.000000,0.135714,7.885370,0.020845
83.453961,70.604224,0.000000,0.185980,8.175897,0.020755
82.984218,70.839656,0.000000,0.190966,7.600323,0.020979
82.823281,70.735625,0.000000,0.183609,7.551157,0.021262
83.328898,70.863540,0.000000,0.189092,7.788539,0.020852
83.070399,71.164405,0.000000,0.192284,7.532232,0.020167
83.300313,71.105184,0.000000,0.182073,7.925067,0.021347
82.651302,70.741661,0.000000,0.187272,7.722882,0.019777
83.040671,71.399687,0.000000,0.191695,7.707023,0.021924
82.880939,70.746068,0.000000,0.193248,7.573769,0.021227
83.271019,70.875224,0.000000,0.192537,8.169959,0.021660
82.900037,70.432671,0.000000,0.141319,7.375690,0.020558
82.916913,71.150622,0.000000,0.135335,7.754544,0.021032
83.334240,70.744698,0.000000,0.135779,8.143189,0.020340
83.350891,71.921212,0.000000,0.185588,7.855740,0.020068
83.037991,70.647681,0.000000,0.185252,7.773839,0.021035
83.103958,70.695977,0.000000,0.190005,7.899030,0.021576
82.618580,70.792505,0.000000,0.190613,7.405746,0.021205
82.810718,70.554733,0.000000,0.193526,7.826770,0.019891
82.930297,70.744912,0.000000,0.135484,7.734591,0.020523
84.105324,70.671399,0.000000,0.197228,7.730806,0.021533
83.494262,71.073126,0.000000,0.134204,8.035459,0.021448
83.663675,71.649729,0.000000,0.202613,7.826899,0.022314
83.630121,70.800661,0.000000,0.140130,7.777170,0.022921
82.999998,71.042155,0.000000,0.195114,7.741005,0.023506
82.822267,70.657599,0.000000,0.140317,7.492706,0.021316
82.809315,70.809121,0.000000,0.137781,7.420921,0.021538
83.555806,70.873221,0.000000,0.133844,8.074647,0.020455
82.715236,71.126887,0.000000,0.192937,7.724443,0.020023
82.807026,70.667047,0.000000,0.134089,7.574988,0.020698
82.964103,70.710981,0.000000,0.184930,7.578120,0.021680
82.673403,71.436394,0.000000,0.189201,7.243217,0.020838
83.237545,70.868527,0.000000,0.187178,7.953145,0.021289
82.829298,70.736688,0.000000,0.191465,7.551235,0.022101
83.591493,70.612440,0.000000,0.190787,8.059494,0.020448
83.490642,70.534149,0.000000,0.191767,8.008948,0.021533
83.119017,70.964896,0.000000,0.193844,8.131844,0.020030
83.441639,71.169325,0.000000,0.187373,8.061858,0.021624
83.118116,70.824756,0.000000,0.139794,7.489476,0.020840
82.885530,71.201576,0.000000,0.191157,7.540513,0.020429
82.925496,70.691759,0.000000,0.193894,7.710127,0.020663
83.226521,70.738772,0.000000,0.137411,7.860706,0.020264
83.961346,70.919953,0.000000,0.193176,7.724618,0.021386
82.985941,70.772509,0.000000,0.189748,7.732137,0.020744
83.006674,70.666812,0.000000,0.193106,7.748565,0.021235
83.251489,71.222917,0.000000,0.190644,7.754480,0.020696
83.068221,70.577212,0.000000,0.194625,8.033066,0.023939
83.466684,70.862185,0.000000,0.187650,8.003234,0.019778
82.964685,70.774708,0.000000,0.190469,7.471112,0.020641
83.177439,71.824293,0.000000,0.191035,7.771341,0.021535
119.305218,83.797888,0.000000,0.241604,8.499052,0.023140
119.728485,83.713519,0.000000,0.234578,8.481971,0.023155
119.397510,83.679379,0.000000,0.233701,8.540462,0.022908
118.924978,83.769554,0.000000,0.236309,8.475309,0.023596
119.175419,83.871739,0.000000,0.234218,8.599696,0.022948
119.878821,83.437050,0.000000,0.241337,8.551704,0.023085
120.222392,83.517423,0.000000,0.233435,8.659202,0.022890
119.258448,83.905960,0.000000,0.235319,8.721534,0.023462
119.742570,83.776763,0.000000,0.234350,8.476052,0.022906
119.292221,83.728453,0.000000,0.237769,8.749278,0.023297
119.047825,83.289885,0.000000,0.238159,8.603084,0.022995
119.853847,84.203260,0.000000,0.235569,8.584373,0.023020
119.347447,83.570887,0.000000,0.234965,8.542134,0.023297
119.312618,83.820693,0.000000,0.233200,8.554107,0.022709
118.942299,83.804902,0.000000,0.237638,8.217413,0.023156
119.938972,83.756278,0.000000,0.238929,8.570556,0.023099
119.414053,84.067496,0.000000,0.238770,8.744128,0.023501
119.432107,83.986256,0.000000,0.237395,8.428572,0.023468
119.343202,83.857508,0.000000,0.235191,8.383464,0.022701
119.829906,83.856904,0.000000,0.236927,8.588366,0.023105
119.301625,83.996429,0.000000,0.240734,8.480090,0.023239
119.479981,84.883326,0.000000,0.372829,8.488647,0.023155
119.439731,83.509900,0.000000,0.244161,8.537258,0.023300
119.283898,83.762568,0.000000,0.243209,8.618712,0.023558
119.282308,84.928327,0.000000,0.238694,8.649297,0.023464
119.395784,83.864244,0.000000,0.238750,8.449766,0.023208
120.259457,83.175138,0.000000,0.235772,8.662798,0.022877
119.375486,83.657304,0.000000,0.242133,8.556801,0.023657
119.712113,83.960988,0.000000,0.233536,8.640690,0.023710
118.834522,83.808309,0.000000,0.233596,8.070614,0.023276
120.328392,83.479703,0.000000,0.237450,8.713534,0.023626
120.287447,83.933891,0.000000,0.235794,8.558851,0.023429
119.918863,83.420648,0.000000,0.236600,8.508408,0.023048
119.292774,84.032777,0.000000,0.239902,8.725856,0.023125
120.016708,84.086070,0.000000,0.237626,8.586990,0.022979
119.781601,84.072824,0.000000,0.246807,8.530982,0.023422
119.438079,83.968430,0.000000,0.234567,8.662123,0.022860
119.261083,83.522808,0.000000,0.234815,8.516102,0.023158
119.095698,83.890493,0.000000,0.239171,8.437653,0.023137
118.763372,83.588300,0.000000,0.239620,8.014611,0.023299
119.457164,83.452249,0.000000,0.233883,8.758471,0.023138
119.527724,83.856527,0.000000,0.237386,8.779120,0.023390
119.453306,84.006251,0.000000,0.242134,8.490255,0.023367
119.270261,83.579427,0.000000,0.240478,8.635063,0.023782
119.601497,83.743928,0.000000,0.234645,8.465226,0.023074
120.247969,85.022231,0.000000,0.235257,8.546811,0.022920
119.496948,83.245602,0.000000,0.233572,8.675288,0.023163
120.163876,84.127816,0.000000,0.238499,8.633889,0.022941
119.532579,83.879571,0.000000,0.233200,8.574064,0.022956
119.159904,83.620422,0.000000,0.329191,8.721280,0.023133
