66.239016,54.204730,0.000000,0.107059,7.171536,0.011315
66.090071,54.124624,0.000000,0.118640,7.232516,0.011442
65.971972,54.497287,0.000000,0.117921,7.144404,0.011349
65.917845,54.401583,0.000000,0.116620,7.021095,0.011773
65.979458,54.283344,0.000000,0.116631,7.316071,0.011438
65.760800,54.957338,0.000000,0.114531,7.044353,0.011566
65.887454,54.115147,0.000000,0.111084,7.260991,0.011429
66.336904,55.198420,0.000000,0.118835,7.058364,0.011542
65.947647,54.297372,0.000000,0.116073,7.241104,0.011788
65.901986,54.184658,0.000000,0.113775,7.153694,0.011227
66.245964,54.250533,0.000000,0.118349,7.065771,0.011869
66.563389,54.436984,0.000000,0.120168,7.140440,0.011401
65.813933,54.246178,0.000000,0.113296,6.973182,0.011106
66.045289,54.419206,0.000000,0.121451,7.193535,0.011716
65.717700,54.391906,0.000000,0.118150,7.205696,0.011461
66.091248,54.547794,0.000000,0.119451,7.064971,0.011654
65.720773,54.249212,0.000000,0.119489,7.137774,0.011562
65.915039,54.473443,0.000000,0.114586,7.065084,0.011175
66.154182,54.637006,0.000000,0.113018,6.876282,0.011094
65.946732,54.168070,0.000000,0.120013,7.102199,0.011591
66.402037,54.264437,0.000000,0.116608,7.159642,0.010950
65.993823,54.595200,0.000000,0.118079,7.177827,0.011078
65.738271,54.299474,0.000000,0.118046,7.086149,0.011649
65.803679,54.527481,0.000000,0.113071,7.075661,0.011147
65.954800,54.488075,0.000000,0.116749,7.245192,0.011503
65.727877,54.345076,0.000000,0.118511,7.159537,0.011343
65.773933,54.261243,0.000000,0.119207,6.969066,0.011156
66.039354,54.224642,0.000000,0.116158,7.208295,0.011551
65.940187,54.932181,0.000000,0.116996,7.088629,0.011370
66.193282,54.238532,0.000000,0.118070,7.258029,0.011625
65.693992,54.415685,0.000000,0.115642,7.125603,0.011491
66.309136,54.053046,0.000000,0.116880,7.201534,0.011384
65.666160,54.195653,0.000000,0.113687,7.220440,0.011443
66.830744,54.061490,0.000000,0.115917,6.863732,0.011372
65.823262,53.977511,0.000000,0.117113,7.012964,0.011467
65.988992,54.142694,0.000000,0.117443,7.335731,0.011423
65.924859,54.161036,0.000000,0.115977,7.037696,0.011357
65.890892,54.073123,0.000000,0.116158,7.231720,0.011568
66.166952,54.162113,0.000000,0.117213,7.009974,0.011538
66.303882,54.079332,0.000000,0.113118,7.102996,0.012971
66.123251,54.049060,0.000000,0.116475,7.186148,0.011287
66.001208,54.579353,0.000000,0.120465,7.074540,0.011299
66.103930,54.393604,0.000000,0.117995,7.279198,0.011512
67.132106,54.346540,0.000000,0.110903,7.015273,0.010928
65.977622,54.328035,0.000000,0.120029,7.221260,0.011133
66.100500,54.360522,0.000000,0.115466,7.081386,0.011454
66.968951,54.449163,0.000000,0.115019,7.373203,0.011001
65.851102,54.363424,0.000000,0.121197,7.103925,0.011469
65.908654,54.342967,0.000000,0.116674,6.952393,0.011213
66.029476,54.591183,0.000000,0.119814,7.202083,0.011267
82.503429,66.394734,0.000000,0.138820,7.891683,0.010449
82.711092,66.523992,0.000000,0.134107,8.173816,0.010921
81.859532,66.389441,0.000000,0.127426,7.610594,0.011227
81.990305,66.701947,0.000000,0.136693,7.570958,0.011160
82.033418,66.680669,0.000000,0.135210,7.800698,0.011053
81.993752,66.562534,0.000000,0.191346,7.535756,0.010287
82.433589,66.653014,0.000000,0.141527,7.913124,0.011082
82.100629,66.799447,0.000000,0.139493,7.724472,0.010019
82.006531,66.541020,0.000000,0.136418,7.702509,0.010303
82.031714,66.597251,0.000000,0.135250,7.618428,0.011142
82.475817,67.097016,0.000000,0.142743,8.168851,0.011478
81.601913,66.740766,0.000000,0.141013,7.367480,0.010385
82.624679,66.744949,0.000000,0.134549,7.745588,0.011267
82.215327,66.854992,0.000000,0.136010,8.167616,0.010338
82.454223,66.569210,0.000000,0.137980,7.864770,0.010507
82.574855,66.783963,0.000000,0.134719,7.799356,0.011169
82.292382,66.574150,0.000000,0.140886,7.876609,0.011291
81.775896,66.430606,0.000000,0.134497,7.425406,0.011225
81.862943,66.778854,0.000000,0.135442,7.831820,0.009927
82.350423,66.564876,0.000000,0.134451,7.797413,0.010063
82.849030,66.518622,0.000000,0.134542,7.702038,0.011681
82.688977,67.034084,0.000000,0.138415,8.044900,0.010986
82.176717,66.514814,0.000000,0.131170,7.867641,0.011212
82.538656,66.836598,0.000000,0.137855,7.773482,0.011415
82.155636,66.389908,0.000000,0.139987,7.757158,0.013529
81.892006,66.499294,0.000000,0.140444,7.509129,0.011117
82.041016,66.627799,0.000000,0.136771,7.410653,0.011143
82.449451,66.723787,0.000000,0.137464,8.085537,0.009927
81.862215,66.317455,0.000000,0.137320,7.708899,0.010316
81.966583,66.439883,0.000000,0.133791,7.573498,0.010658
82.280023,67.277984,0.000000,0.192472,7.608898,0.011211
81.979013,66.555807,0.000000,0.139209,7.215995,0.011196
82.378580,66.543225,0.000000,0.141653,7.965160,0.011233
82.596897,66.597730,0.000000,0.134987,7.531920,0.010793
82.520913,67.247501,0.000000,0.139739,8.054514,0.010334
82.300939,66.845834,0.000000,0.137411,8.040018,0.011490
82.310700,66.853557,0.000000,0.135735,8.127946,0.010259
82.580234,66.562286,0.000000,0.134126,8.060883,0.011210
82.027025,66.617897,0.000000,0.143040,7.479489,0.010529
82.038314,66.855534,0.000000,0.193605,7.556585,0.010189
82.133054,66.935987,0.000000,0.134259,7.759374,0.010150
82.436972,66.585400,0.000000,0.139522,7.796869,0.010202
82.296603,66.891656,0.000000,0.131713,7.710953,0.011103
81.923106,66.492994,0.000000,0.128361,7.743653,0.010104
82.124313,66.606061,0.000000,0.136781,7.712616,0.011202
82.212185,67.018070,0.000000,0.134063,7.764091,0.011188
82.239572,66.876066,0.000000,0.135039,8.036414,0.013242
82.802468,66.544560,0.000000,0.132208,7.981027,0.010259
82.192546,66.628429,0.000000,0.132552,7.476855,0.010103
82.301354,66.518179,0.000000,0.138844,7.780273,0.011318
118.083200,77.382755,0.000000,0.328090,8.501343,0.012074
118.339902,77.344473,0.000000,0.234552,8.491956,0.011903
118.338353,77.914658,0.000000,0.336494,8.557058,0.011786
117.683857,77.473035,0.000000,0.236585,8.478201,0.012724
118.159778,77.731577,0.000000,0.241500,8.604349,0.012192
118.638111,77.669869,0.000000,0.334816,8.554218,0.011887
118.350321,77.996342,0.000000,0.238803,8.663626,0.011705
118.074317,78.680340,0.000000,0.237801,8.724308,0.012513
118.728893,77.524922,0.000000,0.236277,8.480507,0.012051
118.236696,78.879957,0.000000,0.246423,8.752363,0.012228
117.801212,81.414850,0.000000,0.240595,8.604923,0.012191
118.368276,77.761421,0.000000,0.238814,8.587921,0.012136
118.126032,77.492749,0.000000,0.327915,8.545907,0.012165
118.096198,77.640928,0.000000,0.237852,8.557412,0.012005
118.241624,77.734924,0.000000,0.326728,8.219871,0.011924
118.842541,77.672627,0.000000,0.336413,8.581130,0.011972
118.142562,77.290017,0.000000,0.239672,8.749494,0.012187
118.158708,77.461427,0.000000,0.235927,8.437437,0.012535
118.076332,77.665918,0.000000,0.325809,8.385486,0.011643
118.547328,78.152295,0.000000,0.331993,8.597509,0.011686
118.164270,77.348668,0.000000,0.241314,8.482930,0.011931
117.878256,77.385840,0.000000,0.330009,8.495442,0.012354
118.204231,77.504530,0.000000,0.335741,8.547642,0.012573
118.025467,77.495219,0.000000,0.335914,8.617582,0.012300
118.121249,77.782808,0.000000,0.238627,8.655439,0.011937
118.236543,77.616073,0.000000,0.240355,8.453802,0.012188
119.152281,77.283389,0.000000,0.238901,8.664432,0.012165
118.230625,77.609229,0.000000,0.338477,8.564645,0.012659
118.648982,77.864881,0.000000,0.239643,8.644517,0.011973
117.485263,77.511716,0.000000,0.234857,8.085069,0.012343
119.094022,77.483300,0.000000,0.240250,8.730114,0.011926
119.092949,77.468497,0.000000,0.234922,8.564472,0.012052
118.830289,77.213424,0.000000,0.233064,8.514311,0.012070
118.067885,77.397482,0.000000,0.240360,8.734094,0.011902
118.807116,78.349159,0.000000,0.333113,8.589430,0.012274
118.499918,77.688519,0.000000,0.329032,8.538806,0.012023
118.040076,77.462739,0.000000,0.332065,8.666307,0.011958
118.018288,77.363874,0.000000,0.235853,8.517288,0.012210
117.864725,77.874526,0.000000,0.236464,8.439500,0.012220
117.563306,77.515766,0.000000,0.333864,8.024512,0.012279
118.205541,77.417654,0.000000,0.234992,8.758947,0.012193
118.383242,77.193874,0.000000,0.237771,8.789686,0.012465
118.201293,77.728455,0.000000,0.242064,8.493066,0.012502
118.033966,77.506148,0.000000,0.241513,8.644847,0.012441
118.164741,77.536089,0.000000,0.327544,8.470452,0.012044
118.665944,77.723652,0.000000,0.234365,8.547177,0.011746
118.214695,77.166266,0.000000,0.234971,8.675269,0.011863
118.761626,77.448362,0.000000,0.236649,8.638535,0.011596
118.630498,77.751661,0.000000,0.240544,8.582318,0.012066
117.955287,77.995335,0.000000,0.335639,8.729663,0.012499
