66.224331,54.213576,0.000000,0.115546,7.166419,0.012040
66.327219,54.394296,0.000000,0.117981,7.240005,0.011716
66.022615,54.303883,0.000000,0.116368,7.091046,0.011811
66.164279,54.165049,0.000000,0.116673,6.980692,0.012671
66.267646,54.209608,0.000000,0.112621,7.316067,0.011925
66.147423,54.247232,0.000000,0.114584,7.044668,0.012012
66.171654,54.415988,0.000000,0.113694,7.269842,0.011754
66.234572,54.194421,0.000000,0.114853,7.078195,0.011674
66.237298,54.421243,0.000000,0.117034,7.236002,0.011749
65.957001,54.028395,0.000000,0.112192,7.084446,0.011728
66.229525,54.163322,0.000000,0.116299,7.026992,0.012310
66.409229,54.019110,0.000000,0.116496,7.122206,0.011897
66.402875,54.098197,0.000000,0.115010,6.952244,0.011783
65.819090,54.107842,0.000000,0.114797,7.147811,0.012057
65.920753,53.999986,0.000000,0.114043,7.171831,0.011798
66.341596,54.198881,0.000000,0.112745,6.953592,0.011956
65.702174,54.332890,0.000000,0.114922,7.099899,0.011863
66.256671,54.384395,0.000000,0.113851,6.964790,0.011375
65.749572,54.218827,0.000000,0.115889,6.808761,0.011670
66.154149,54.694055,0.000000,0.115230,7.075478,0.011966
66.602781,54.168538,0.000000,0.115888,7.152518,0.011708
66.130315,54.134448,0.000000,0.116648,7.172184,0.011651
65.742177,54.314744,0.000000,0.114951,7.074091,0.011970
65.779128,53.973030,0.000000,0.112370,7.030421,0.011692
66.043741,54.148415,0.000000,0.114862,7.194086,0.011847
65.986418,54.463195,0.000000,0.112854,7.121101,0.011878
65.758329,54.238903,0.000000,0.116670,6.970748,0.011575
66.035316,54.330618,0.000000,0.116319,7.167105,0.011504
66.045414,54.215614,0.000000,0.113833,7.050348,0.011723
66.396409,54.513691,0.000000,0.116012,7.239826,0.011963
66.127712,54.379056,0.000000,0.114011,7.154009,0.011724
66.087902,54.605947,0.000000,0.113607,7.180871,0.011764
66.066834,54.178399,0.000000,0.116535,7.150428,0.011690
65.923319,54.409354,0.000000,0.117020,6.810772,0.012122
65.572999,54.141214,0.000000,0.110638,7.003874,0.011888
65.998192,54.623993,0.000000,0.116153,7.315203,0.011621
65.824710,54.715346,0.000000,0.116385,6.974059,0.011818
65.915524,54.547630,0.000000,0.114896,7.153071,0.011617
66.159264,54.217916,0.000000,0.115674,6.996725,0.011847
65.815510,54.359289,0.000000,0.116882,7.009928,0.012083
65.792625,54.273773,0.000000,0.115941,7.144821,0.011736
66.059814,54.747532,0.000000,0.116955,7.042239,0.011537
66.086672,54.421971,0.000000,0.116849,7.241241,0.011750
66.421762,54.181244,0.000000,0.115104,6.996144,0.011666
65.843769,54.483869,0.000000,0.113426,7.225359,0.011692
65.845363,54.441991,0.000000,0.115287,7.016439,0.011865
66.274477,54.479989,0.000000,0.116960,7.411441,0.011657
65.808515,54.236993,0.000000,0.115589,7.100658,0.011946
65.924371,54.612435,0.000000,0.117480,6.912049,0.011928
66.046324,54.482299,0.000000,0.113787,7.150545,0.011727
82.575525,67.524138,0.000000,0.138727,7.812379,0.010617
82.642400,66.817909,0.000000,0.137333,8.156975,0.011069
81.873769,66.837119,0.000000,0.130101,7.517543,0.011194
82.169922,66.916890,0.000000,0.137104,7.510632,0.011431
82.491927,66.796776,0.000000,0.133358,7.747650,0.011328
82.200484,66.910602,0.000000,0.136692,7.509692,0.010427
82.453695,66.661874,0.000000,0.140938,7.940726,0.011543
82.269133,67.119452,0.000000,0.133789,7.644067,0.010151
81.999038,66.760920,0.000000,0.137187,7.698727,0.010704
82.504240,66.846239,0.000000,0.128026,7.463961,0.011421
82.439785,66.724862,0.000000,0.136467,8.160217,0.011506
81.601560,66.607340,0.000000,0.138688,7.360067,0.010486
82.039003,66.559093,0.000000,0.137060,7.754037,0.011309
82.486949,66.623806,0.000000,0.136270,8.080782,0.010481
82.721119,66.721086,0.000000,0.137109,7.868052,0.010772
82.194826,66.645152,0.000000,0.137156,7.746604,0.011477
82.441268,66.899358,0.000000,0.135376,7.904521,0.011083
81.807797,66.740769,0.000000,0.136217,7.415470,0.011183
81.846971,66.577418,0.000000,0.135924,7.785830,0.010324
82.070795,66.795697,0.000000,0.136101,7.752713,0.010451
82.804331,66.888115,0.000000,0.137044,7.732584,0.011493
82.674676,66.840258,0.000000,0.135732,8.037004,0.011163
82.210232,66.672156,0.000000,0.134137,7.823504,0.011484
82.336403,66.795421,0.000000,0.129469,7.785388,0.011377
82.153120,66.754800,0.000000,0.135177,7.738653,0.011478
81.908266,66.564146,0.000000,0.137596,7.434711,0.011275
82.063529,66.750812,0.000000,0.139442,7.372467,0.011412
82.499034,67.159314,0.000000,0.134044,8.066706,0.010279
81.950498,66.800865,0.000000,0.132754,7.680912,0.010091
81.978291,66.457899,0.000000,0.135917,7.494626,0.010651
82.415043,66.447180,0.000000,0.133840,7.593383,0.011587
82.131341,66.865071,0.000000,0.137009,7.232498,0.011650
82.411169,67.023535,0.000000,0.136639,7.954947,0.011600
81.688824,66.733175,0.000000,0.134687,7.518400,0.010882
82.529520,66.669976,0.000000,0.136081,8.034871,0.010185
82.494227,66.806148,0.000000,0.135888,7.938245,0.011431
82.284303,66.666524,0.000000,0.138581,8.105932,0.010544
82.624545,67.267177,0.000000,0.137136,8.039057,0.011283
82.185857,66.659689,0.000000,0.135540,7.463027,0.010363
82.043589,67.003247,0.000000,0.137021,7.553819,0.010427
82.117748,66.750540,0.000000,0.135388,7.770020,0.010334
82.486057,66.869573,0.000000,0.133611,7.747420,0.010419
82.843870,66.585889,0.000000,0.132909,7.680631,0.011446
82.523797,66.698125,0.000000,0.133916,7.713917,0.010533
82.120383,66.647239,0.000000,0.137924,7.732596,0.011349
82.192988,66.852879,0.000000,0.137573,7.744172,0.011244
82.843803,66.611624,0.000000,0.134692,8.026298,0.012139
82.518224,66.429004,0.000000,0.137840,8.023523,0.010224
82.108229,66.550258,0.000000,0.134589,7.462759,0.010595
82.286758,66.679768,0.000000,0.136767,7.784139,0.011273
118.832499,101.484359,0.000000,0.298470,8.485741,0.014101
119.073208,101.338118,0.000000,0.389905,8.470170,0.014179
118.853937,101.640829,0.000000,0.297417,8.542502,0.014018
118.465215,101.015654,0.000000,0.287770,8.455375,0.014555
118.774454,100.809622,0.000000,0.393546,8.580002,0.014330
119.652838,101.689809,0.000000,0.297713,8.543737,0.014005
119.285395,101.743780,0.000000,0.294369,8.647772,0.014019
118.699316,101.173203,0.000000,0.295950,8.707041,0.014550
119.010023,101.457283,0.000000,0.295051,8.453493,0.014179
118.777373,101.281929,0.000000,0.398805,8.718643,0.014183
118.567225,101.196043,0.000000,0.294709,8.582866,0.014084
119.074035,102.004369,0.000000,0.299715,8.579718,0.014283
118.896242,101.779230,0.000000,0.406886,8.503754,0.014295
118.801261,101.280531,0.000000,0.290031,8.542696,0.013697
118.576643,101.244651,0.000000,0.294615,8.201036,0.014124
119.432486,101.595241,0.000000,0.396427,8.552677,0.014426
118.919370,101.404597,0.000000,0.294687,8.729701,0.014761
118.987862,101.278296,0.000000,0.409807,8.421262,0.014527
118.773917,100.842361,0.000000,0.391543,8.375927,0.013875
119.440338,101.883420,0.000000,0.297356,8.565022,0.014020
118.811107,101.184615,0.000000,0.399352,8.461898,0.014298
118.608167,101.061648,0.000000,0.310266,8.466423,0.014347
119.048851,100.894259,0.000000,0.295347,8.536267,0.014674
118.752764,101.388471,0.000000,0.303406,8.604692,0.014464
118.764191,101.341818,0.000000,0.398120,8.626419,0.014613
118.924470,101.543375,0.000000,0.297561,8.434434,0.013976
119.804878,101.731073,0.000000,0.297092,8.643170,0.014124
119.051973,101.713179,0.000000,0.390878,8.555118,0.014446
119.217265,102.085592,0.000000,0.295163,8.622682,0.014165
118.173477,101.400425,0.000000,0.287159,8.065762,0.014371
119.839192,101.313336,0.000000,0.295074,8.706199,0.014261
119.807541,102.109835,0.000000,0.289097,8.550293,0.014083
119.450385,101.627353,0.000000,0.386789,8.494835,0.014146
118.930332,101.249202,0.000000,0.296963,8.707504,0.013994
119.558998,100.902231,0.000000,0.391254,8.559382,0.014244
119.415658,101.155839,0.000000,0.285673,8.515422,0.014210
118.868810,101.146719,0.000000,0.390707,8.632637,0.013821
118.761939,101.384679,0.000000,0.287419,8.491060,0.014193
118.819566,101.125008,0.000000,0.294275,8.409432,0.014057
118.290028,101.477379,0.000000,0.394865,7.998151,0.014160
119.045698,101.509740,0.000000,0.306570,8.732397,0.014112
118.987250,101.429446,0.000000,0.296264,8.767004,0.014596
119.319382,101.475503,0.000000,0.394725,8.479874,0.014314
118.726262,101.346058,0.000000,0.297640,8.636813,0.014537
118.924053,101.681006,0.000000,0.295912,8.447351,0.014028
119.547016,101.450976,0.000000,0.290720,8.515603,0.014404
118.853040,101.299660,0.000000,0.293479,8.645596,0.014248
119.862276,101.669783,0.000000,0.296663,8.611130,0.013928
119.196353,101.701006,0.000000,0.292426,8.560583,0.013948
118.971129,101.464192,0.000000,0.294083,8.701941,0.014016
