10380397
10388296
10346205
10625979
10253301
10324077
10408150
10384780
10161442
10458541
66460341
67338524
66559772
66994830
66876588
67234061
66713326
66690073
66658241
66755344
123400740
124242159
124382737
125391443
125346907
122996291
123932951
124899250
125099744
122350782
414215004
414298892
429485438
412924345
417872306
413834781
420764920
412397801
413264291
413259665
905761376
901965239
905091164
907328489
900544698
913821705
905545726
902895357
900559962
895706313
2361771710
2381602627
2365031455
2380704865
2365195965
2372979684
2357037334
2342001893
2346369646
2345206791
6125495951
6374920264
6203447040
6128494620
6031758124
6024255827
6011865261
6055790067
6068538719
6101175181
14985580353
15113753320
15571770790
14939840365
15076373220
15165091351
15325667478
15556501242
15121164230
15122662661
37683441955
37607081575
36765942419
37771683160
36580773695
37231324137
36303156898
36923148325
36536115240
36727642315
164792450116
167638108576
165547301655
158388241885
159513596605
159252011373
158821558499
159622361749
158750062008
160058746712
