10345873
10614280
10502446
10246851
10634621
10417649
10536042
10491490
10320786
10400416
74365686
70636574
70508074
70372792
70209980
70514795
71142190
70651691
72009134
70876349
124645209
122916876
124004243
126561664
126089142
127103446
126909482
123969255
123081432
123592825
416957121
414791891
414906587
416381207
421057092
419703066
418370165
415990232
418579412
420187477
903117682
898802104
911706585
900015371
916146778
899662323
899020038
901035940
899913733
898335230
2353111385
2335889549
2336585155
2331969901
2324431637
2321726125
2326744842
2335003840
2317521329
2320423928
6216857285
6216978718
6071056339
6270593934
6264593031
6121417061
6078363558
6026634385
6011540573
6003400007
15245607815
15428170659
15444172821
15280380002
15201974946
15021074001
15376159746
15571555123
15276639054
15179866671
36876108267
37162836653
37557169813
36840765518
37655209932
36731644311
37766985080
37389097361
37315099616
36419336349
161436940127
160435934843
162594425806
162671854019
159957766826
160291878075
161897031214
159672715320
160342499879
161071747765
