40.211760,  17.282001, 0.000000, 0.628508, 16.156156, 0.094500
40.291755,  16.964902, 0.000000, 0.657986, 16.257986, 0.092199
40.323768,  16.962112, 0.000000, 0.623632, 16.228079, 0.091442
40.589916,  16.953597, 0.000000, 0.635513, 16.360721, 0.091698
40.362511,  16.949300, 0.000000, 0.627378, 16.216317, 0.087681
41.108247,  16.968659, 0.000000, 0.626578, 16.529236, 0.089281
40.767985,  16.971856, 0.000000, 0.636516, 16.557429, 0.091004
40.343310,  16.917714, 0.000000, 0.643449, 16.334987, 0.092079
40.234426,  17.031262, 0.000000, 0.625640, 16.133037, 0.092771
40.199142,  16.950653, 0.000000, 0.627148, 16.184853, 0.091133
40.834202,  16.984025, 0.000000, 0.631612, 16.537121, 0.091188
40.122268,  16.960275, 0.000000, 0.644546, 16.181555, 0.085322
40.355827,  16.933516, 0.000000, 0.631372, 16.430552, 0.092629
40.820685,  16.963190, 0.000000, 0.630581, 16.420144, 0.093044
40.839401,  16.954348, 0.000000, 0.587165, 16.716080, 0.092882
40.779798,  17.008905, 0.000000, 0.642138, 16.738787, 0.078291
40.491477,  16.930197, 0.000000, 0.617607, 16.547773, 0.092717
40.958309,  17.038338, 0.000000, 0.627388, 16.638621, 0.092124
40.383369,  16.953168, 0.000000, 0.618534, 16.370247, 0.093010
40.526963,  16.959228, 0.000000, 0.622365, 16.287416, 0.091279
40.877638,  16.942280, 0.000000, 0.619522, 16.573080, 0.092660
40.266869,  16.971913, 0.000000, 0.628279, 16.383900, 0.088932
40.446956,  16.912219, 0.000000, 0.629016, 16.277666, 0.090578
40.822746,  16.948645, 0.000000, 0.621803, 16.280934, 0.088369
40.455906,  16.961170, 0.000000, 0.634139, 16.379958, 0.089307
40.919532,  16.951711, 0.000000, 0.616914, 16.623495, 0.091946
40.902998,  16.994927, 0.000000, 0.610783, 16.858214, 0.089479
39.758927,  17.009530, 0.000000, 0.627840, 15.763074, 0.092890
40.357304,  17.012904, 0.000000, 0.639304, 16.353307, 0.098392
40.496365,  17.056451, 0.000000, 0.585642, 16.492950, 0.092639
40.484531,  16.948913, 0.000000, 0.617773, 16.556255, 0.086674
40.188115,  16.980529, 0.000000, 0.635108, 16.249742, 0.091293
40.566027,  16.974706, 0.000000, 0.626158, 16.502476, 0.091702
39.397816,  16.928732, 0.000000, 0.658680, 15.288608, 0.092728
40.457652,  16.938083, 0.000000, 0.636213, 16.448609, 0.092843
40.317915,  16.984221, 0.000000, 0.584232, 16.319212, 0.092578
40.456923,  16.946412, 0.000000, 0.621766, 16.345573, 0.092934
40.339216,  16.976569, 0.000000, 0.699297, 16.281703, 0.093026
40.699596,  16.950062, 0.000000, 0.608238, 16.384425, 0.090903
41.041683,  16.959707, 0.000000, 0.634084, 16.729613, 0.099915
40.603406,  16.928361, 0.000000, 0.631734, 16.528176, 0.092386
40.747408,  17.013967, 0.000000, 0.624718, 16.529874, 0.093203
40.373531,  16.953828, 0.000000, 0.624228, 16.337971, 0.091959
40.515174,  16.992519, 0.000000, 0.662771, 16.487204, 0.092774
41.126058,  16.950285, 0.000000, 0.623708, 16.398332, 0.091307
40.512664,  17.026072, 0.000000, 0.627286, 16.469411, 0.092829
40.606732,  17.002578, 0.000000, 0.626710, 16.606660, 0.084179
40.256217,  16.989254, 0.000000, 0.629559, 16.292701, 0.092327
40.240449,  16.976408, 0.000000, 0.624350, 16.288038, 0.090238
40.240402,  16.937798, 0.000000, 0.627679, 16.300981, 0.092694
68.567340,  20.858208, 0.000000, 0.612375, 31.988415, 0.099547
70.921234,  20.451739, 0.000000, 0.610202, 34.647333, 0.099510
70.863532,  20.402100, 0.000000, 0.609691, 33.770203, 0.096917
70.062037,  20.813095, 0.000000, 0.616208, 33.392247, 0.098736
70.015499,  20.458287, 0.000000, 0.607644, 33.820610, 0.093749
68.015635,  20.569643, 0.000000, 0.602358, 32.103977, 0.099878
72.344238,  20.443850, 0.000000, 0.607644, 35.711578, 0.094025
71.236397,  20.553971, 0.000000, 0.615738, 34.665876, 0.098618
70.745068,  20.552053, 0.000000, 0.577769, 34.518053, 0.095342
69.446595,  20.417863, 0.000000, 0.571907, 33.753404, 0.099619
70.581708,  20.389914, 0.000000, 0.567280, 34.093390, 0.086265
73.045175,  20.365421, 0.000000, 0.604832, 36.607065, 0.088505
69.823329,  20.360400, 0.000000, 0.615118, 33.495814, 0.099283
69.771608,  20.470797, 0.000000, 0.607837, 33.516861, 0.098251
69.554992,  20.398684, 0.000000, 0.604459, 33.732593, 0.099321
71.191878,  20.439001, 0.000000, 0.608561, 34.839856, 0.093315
70.102665,  20.378635, 0.000000, 0.569500, 33.602327, 0.085435
71.139018,  20.481411, 0.000000, 0.612781, 34.938993, 0.099107
71.114583,  20.482499, 0.000000, 0.566037, 34.304213, 0.089721
70.797678,  20.409942, 0.000000, 0.566874, 34.435867, 0.098703
70.873636,  20.411868, 0.000000, 0.604936, 34.321142, 0.094469
69.807803,  20.413805, 0.000000, 0.602410, 33.029976, 0.092206
71.178640,  20.438099, 0.000000, 0.563167, 34.929660, 0.092464
69.989442,  20.453953, 0.000000, 0.615907, 33.437199, 0.093485
70.745877,  20.484654, 0.000000, 0.612875, 34.107899, 0.098290
71.285479,  20.482957, 0.000000, 0.601783, 34.782185, 0.089359
70.337977,  20.466926, 0.000000, 0.615923, 34.142142, 0.098662
70.251864,  20.405888, 0.000000, 0.575471, 34.513280, 0.097281
68.892614,  20.394620, 0.000000, 0.607157, 31.835101, 0.099726
72.034988,  20.384559, 0.000000, 0.605902, 35.686619, 0.090218
69.174310,  20.405880, 0.000000, 0.611669, 33.014849, 0.085116
70.904064,  20.411134, 0.000000, 0.600577, 34.929994, 0.099299
72.479701,  20.385625, 0.000000, 0.606606, 35.677493, 0.090037
71.539428,  20.425726, 0.000000, 0.616216, 35.455190, 0.092154
68.479150,  20.465903, 0.000000, 0.569819, 31.923370, 0.095641
69.042845,  20.469572, 0.000000, 0.602309, 32.127017, 0.099495
71.549722,  20.521162, 0.000000, 0.612970, 35.258340, 0.099423
69.525966,  20.392063, 0.000000, 0.611917, 33.203184, 0.093387
70.021881,  20.444573, 0.000000, 0.605166, 33.554568, 0.098396
70.632777,  20.432961, 0.000000, 0.609678, 34.932602, 0.085252
70.579335,  20.571803, 0.000000, 0.610474, 33.714064, 0.084837
72.778420,  20.480270, 0.000000, 0.608824, 35.906140, 0.093900
70.527364,  20.351958, 0.000000, 0.600697, 33.201759, 0.096929
70.649218,  20.477907, 0.000000, 0.605510, 34.039267, 0.099756
69.037032,  20.409418, 0.000000, 0.599261, 32.763514, 0.098989
71.022496,  20.424075, 0.000000, 0.604190, 33.981413, 0.091920
70.722341,  20.399847, 0.000000, 0.605053, 34.182560, 0.085269
70.972482,  20.700322, 0.000000, 0.614192, 34.661058, 0.099176
71.809300,  20.435772, 0.000000, 0.605803, 34.255763, 0.100186
68.160821,  20.460942, 0.000000, 0.555032, 31.556711, 0.100334
95.276707,  23.392190, 0.000000, 0.564666, 43.500802, 0.108303
95.329302,  23.370703, 0.000000, 0.566353, 43.073578, 0.106668
95.413653,  23.465311, 0.000000, 0.565136, 42.474565, 0.109102
97.120663,  23.456548, 0.000000, 0.572904, 44.220103, 0.112342
97.607750,  23.381925, 0.000000, 0.567422, 45.320342, 0.112853
96.719158,  23.539261, 0.000000, 0.567920, 45.037299, 0.105316
97.692645,  23.370076, 0.000000, 0.567514, 46.042789, 0.116301
95.907710,  23.428530, 0.000000, 0.565398, 44.614985, 0.104202
95.516225,  23.409401, 0.000000, 0.561911, 44.134863, 0.104758
96.966673,  23.443773, 0.000000, 0.558018, 45.808329, 0.103616
96.608794,  23.342449, 0.000000, 0.557948, 43.460121, 0.115246
95.052790,  23.527322, 0.000000, 0.575608, 43.408187, 0.107125
97.105922,  23.561877, 0.000000, 0.561788, 46.665798, 0.099716
97.828745,  23.459302, 0.000000, 0.575207, 43.039045, 0.098076
95.716692,  23.318220, 0.000000, 0.564927, 44.667678, 0.107269
95.905651,  23.409188, 0.000000, 0.566466, 44.331060, 0.108361
98.083580,  23.354470, 0.000000, 0.573438, 45.685976, 0.104730
97.176394,  23.355617, 0.000000, 0.574422, 45.236482, 0.109893
96.513598,  23.325555, 0.000000, 0.572155, 44.371026, 0.109831
96.342462,  23.435379, 0.000000, 0.572817, 47.605452, 0.107691
95.136432,  23.451551, 0.000000, 0.566892, 44.199100, 0.106797
96.122741,  23.371578, 0.000000, 0.572841, 44.562083, 0.106752
94.775253,  23.396838, 0.000000, 0.573497, 43.474660, 0.110317
93.970736,  23.391474, 0.000000, 0.574329, 43.274009, 0.108867
96.146324,  23.398874, 0.000000, 0.568655, 45.228406, 0.104182
95.877298,  23.579853, 0.000000, 0.573166, 45.937737, 0.095432
95.159678,  23.415795, 0.000000, 0.567816, 44.061730, 0.111141
97.086470,  23.413046, 0.000000, 0.555639, 44.929380, 0.108407
97.240261,  23.558167, 0.000000, 0.566883, 46.489409, 0.107516
95.248102,  23.376800, 0.000000, 0.567175, 44.814108, 0.111858
97.560924,  23.461484, 0.000000, 0.565979, 42.880335, 0.112425
95.982344,  23.461217, 0.000000, 0.570007, 44.726094, 0.108591
94.448912,  23.418693, 0.000000, 0.568215, 42.065468, 0.113175
97.626956,  23.398882, 0.000000, 0.567030, 43.363826, 0.114574
96.314344,  23.391454, 0.000000, 0.565365, 43.358685, 0.100632
96.312037,  23.574287, 0.000000, 0.569540, 44.454532, 0.114083
96.044122,  23.355330, 0.000000, 0.565061, 45.876433, 0.097124
96.759460,  23.399510, 0.000000, 0.568810, 43.367393, 0.106633
95.890939,  23.468667, 0.000000, 0.567618, 45.348223, 0.106321
96.086491,  23.438087, 0.000000, 0.565086, 44.440936, 0.108519
97.136537,  23.317627, 0.000000, 0.573314, 45.292288, 0.110236
97.179417,  23.543498, 0.000000, 0.562951, 44.097025, 0.114161
97.699051,  23.428906, 0.000000, 0.563582, 46.367309, 0.107323
96.096955,  23.513437, 0.000000, 0.557125, 44.653683, 0.108055
96.300428,  23.427605, 0.000000, 0.567236, 45.866241, 0.105497
97.869969,  23.389965, 0.000000, 0.578534, 44.817820, 0.096713
95.682353,  23.429864, 0.000000, 0.562446, 42.854809, 0.104351
95.693895,  23.440004, 0.000000, 0.567195, 43.327314, 0.091993
96.680690,  23.651287, 0.000000, 0.559842, 45.742514, 0.112673
96.145106,  23.351283, 0.000000, 0.563832, 44.593551, 0.113629
