68.770339,  20.901316, 0.000000, 0.576051, 33.309597, 0.177113
71.157772,  20.891236, 0.000000, 0.580732, 35.786357, 0.177355
70.816399,  20.890053, 0.000000, 0.581482, 35.330865, 0.175195
70.190027,  20.883285, 0.000000, 0.577466, 34.346285, 0.176321
70.174955,  20.870281, 0.000000, 0.585450, 34.861853, 0.166791
69.043482,  20.884066, 0.000000, 0.600226, 32.795499, 0.179217
72.016540,  20.858548, 0.000000, 0.581875, 36.587674, 0.165872
71.586049,  20.843983, 0.000000, 0.564760, 35.963223, 0.177542
71.812489,  20.932232, 0.000000, 0.583043, 35.543462, 0.168305
69.659892,  20.933372, 0.000000, 0.576687, 34.518854, 0.177422
71.740425,  21.071715, 0.000000, 0.578307, 35.070137, 0.176037
72.992978,  20.972993, 0.000000, 0.582169, 37.461017, 0.158719
70.849670,  20.850465, 0.000000, 0.580611, 34.516293, 0.177536
69.826986,  20.867650, 0.000000, 0.570905, 34.139020, 0.176964
69.807187,  20.861087, 0.000000, 0.585181, 34.482394, 0.178723
71.356085,  20.912896, 0.000000, 0.569682, 36.068110, 0.166526
70.281898,  20.860147, 0.000000, 0.583576, 34.968352, 0.179447
71.839032,  20.897177, 0.000000, 0.568972, 36.050583, 0.178482
70.822596,  20.930338, 0.000000, 0.579766, 35.205457, 0.155382
71.190199,  20.868575, 0.000000, 0.579246, 35.479708, 0.177977
71.060052,  20.872164, 0.000000, 0.576953, 35.764356, 0.167676
69.631325,  20.879038, 0.000000, 0.580973, 34.171960, 0.165528
71.343643,  20.911275, 0.000000, 0.577454, 35.800719, 0.160507
70.204667,  20.918408, 0.000000, 0.579218, 34.986557, 0.166907
70.772055,  20.890983, 0.000000, 0.585288, 35.516749, 0.176583
71.591101,  20.908225, 0.000000, 0.568648, 35.886736, 0.159185
70.858500,  20.875817, 0.000000, 0.583706, 35.160079, 0.175923
70.439848,  20.918718, 0.000000, 0.587731, 35.082415, 0.174748
69.079749,  20.822739, 0.000000, 0.594470, 33.014721, 0.177106
72.025231,  20.897083, 0.000000, 0.571630, 36.720968, 0.158821
69.468491,  20.871034, 0.000000, 0.583498, 33.755603, 0.153859
71.035584,  20.904363, 0.000000, 0.578401, 35.760956, 0.177228
71.990482,  20.942475, 0.000000, 0.578624, 36.556021, 0.159959
71.689240,  20.893532, 0.000000, 0.594295, 36.586108, 0.157714
68.751937,  20.903814, 0.000000, 0.599225, 33.140360, 0.169228
68.757493,  20.855835, 0.000000, 0.580078, 33.173036, 0.177009
71.605820,  20.938626, 0.000000, 0.572100, 35.996955, 0.176871
69.602428,  20.911964, 0.000000, 0.566724, 34.365130, 0.166882
70.363619,  20.838127, 0.000000, 0.588059, 34.837690, 0.176083
70.792115,  20.879188, 0.000000, 0.577048, 35.306422, 0.153302
70.122313,  21.212678, 0.000000, 0.592300, 34.595852, 0.160141
72.676252,  20.879395, 0.000000, 0.572849, 37.102442, 0.167212
70.169662,  20.939480, 0.000000, 0.582751, 34.233418, 0.175171
70.633962,  20.917710, 0.000000, 0.585966, 35.411283, 0.178438
69.296308,  21.110788, 0.000000, 0.582631, 33.819469, 0.175441
70.410153,  20.914890, 0.000000, 0.616367, 34.719752, 0.161833
71.009786,  20.887446, 0.000000, 0.582846, 35.542056, 0.175424
71.661014,  20.828344, 0.000000, 0.572929, 35.817579, 0.177521
72.140633,  20.881871, 0.000000, 0.578135, 35.725050, 0.179049
68.335619,  20.811921, 0.000000, 0.580125, 33.210400, 0.178404
95.546047,  24.234830, 0.000000, 0.714350, 44.223959, 0.170259
95.590952,  24.238198, 0.000000, 0.596190, 44.309294, 0.169741
95.833553,  24.240706, 0.000000, 0.796048, 43.183322, 0.171252
97.340864,  24.237641, 0.000000, 0.755804, 45.110159, 0.179757
98.000626,  24.330694, 0.000000, 0.595624, 45.820474, 0.180488
96.838275,  24.297186, 0.000000, 0.595787, 46.675630, 0.168284
97.942592,  24.166645, 0.000000, 0.596640, 46.537223, 0.214818
95.896485,  24.246319, 0.000000, 0.628229, 45.650409, 0.185628
95.942674,  24.289761, 0.000000, 0.639205, 44.775214, 0.164188
96.358284,  24.208620, 0.000000, 0.601188, 46.284990, 0.184875
96.872511,  24.394508, 0.000000, 0.599860, 43.939041, 0.172873
96.218241,  24.379779, 0.000000, 0.597870, 44.868322, 0.167242
96.720265,  24.226371, 0.000000, 0.592524, 46.847883, 0.158978
98.016761,  24.343876, 0.000000, 0.672282, 44.233344, 0.152594
96.051283,  24.257455, 0.000000, 0.717432, 46.101471, 0.170603
96.172845,  24.308334, 0.000000, 0.752348, 45.266823, 0.170949
98.223767,  24.292475, 0.000000, 0.597727, 46.566256, 0.166646
97.508460,  24.446555, 0.000000, 0.631772, 46.347452, 0.171264
97.387374,  24.332088, 0.000000, 0.674859, 45.788886, 0.172495
96.589887,  24.266373, 0.000000, 0.596332, 48.739816, 0.186289
96.318563,  24.283341, 0.000000, 0.595266, 45.528750, 0.166322
96.678491,  24.271775, 0.000000, 0.794745, 45.392038, 0.169915
95.032477,  24.253706, 0.000000, 0.597575, 44.444396, 0.174016
94.317951,  24.538270, 0.000000, 0.763314, 44.349915, 0.168210
96.409982,  24.216873, 0.000000, 0.718134, 45.797832, 0.186496
95.963404,  24.343198, 0.000000, 0.635848, 46.574838, 0.172747
95.238936,  24.265837, 0.000000, 0.740620, 44.821393, 0.174334
97.511095,  24.249557, 0.000000, 0.593338, 45.663977, 0.171449
97.715574,  24.237906, 0.000000, 0.629910, 47.141866, 0.171321
95.531698,  24.330436, 0.000000, 0.598991, 45.420790, 0.204918
97.964026,  24.241995, 0.000000, 0.591221, 43.445601, 0.172052
96.092329,  24.253586, 0.000000, 0.638466, 45.599082, 0.172881
94.920730,  24.207319, 0.000000, 0.752115, 42.596095, 0.183551
97.879373,  24.270370, 0.000000, 0.665990, 44.462389, 0.183770
96.590770,  24.302586, 0.000000, 0.723073, 44.658637, 0.172271
96.526278,  24.233578, 0.000000, 0.633093, 45.649035, 0.173571
96.319782,  24.394688, 0.000000, 0.593843, 46.069098, 0.155691
97.409952,  24.295977, 0.000000, 0.597494, 44.276204, 0.169093
96.156748,  24.209873, 0.000000, 0.635649, 46.165877, 0.166838
96.849915,  24.269336, 0.000000, 0.675849, 45.150143, 0.171541
98.245974,  24.195984, 0.000000, 0.757528, 46.241977, 0.199724
97.428804,  24.313621, 0.000000, 0.598351, 45.583764, 0.176185
97.922215,  24.222836, 0.000000, 0.597053, 46.855619, 0.170832
96.324774,  24.253624, 0.000000, 0.591792, 45.670632, 0.169745
97.018034,  24.219344, 0.000000, 0.753013, 46.453849, 0.180266
98.196883,  24.268419, 0.000000, 0.637039, 46.230703, 0.172069
95.081145,  24.275250, 0.000000, 0.591616, 44.455659, 0.187443
95.476399,  24.485704, 0.000000, 0.598275, 44.089837, 0.171642
96.869479,  24.216996, 0.000000, 0.631879, 46.932258, 0.180640
96.615170,  24.223353, 0.000000, 0.634273, 45.306004, 0.174601
