40.083181,  16.908350, 0.000000, 0.603821, 16.426295, 0.107005
40.199945,  16.853200, 0.000000, 0.605379, 16.539156, 0.104580
40.193082,  16.972671, 0.000000, 0.607678, 16.434412, 0.104013
40.484681,  16.948842, 0.000000, 0.612563, 16.624150, 0.104206
40.274543,  16.886983, 0.000000, 0.600392, 16.498742, 0.100069
40.604688,  16.932876, 0.000000, 0.606281, 16.810861, 0.101784
40.547448,  16.839025, 0.000000, 0.606184, 16.845998, 0.103450
40.241468,  16.838360, 0.000000, 0.610660, 16.641605, 0.104168
40.449279,  16.861459, 0.000000, 0.598977, 16.469435, 0.105053
40.115235,  16.914543, 0.000000, 0.603061, 16.471590, 0.103680
40.472888,  16.908066, 0.000000, 0.611292, 16.878612, 0.103597
40.024061,  16.879973, 0.000000, 0.607775, 16.439456, 0.097741
40.253948,  16.836709, 0.000000, 0.600431, 16.720658, 0.105170
40.769407,  17.147383, 0.000000, 0.603543, 16.719912, 0.105232
41.067844,  16.891843, 0.000000, 0.596022, 17.023575, 0.104718
40.657705,  16.901593, 0.000000, 0.609557, 17.045113, 0.090749
40.387194,  16.856286, 0.000000, 0.601683, 16.833850, 0.105313
40.720942,  16.854037, 0.000000, 0.599163, 16.939447, 0.104794
40.287707,  16.836221, 0.000000, 0.601578, 16.634020, 0.105602
40.116226,  16.906553, 0.000000, 0.598245, 16.550151, 0.103615
40.491534,  17.068894, 0.000000, 0.599383, 16.875301, 0.106071
40.147401,  16.812731, 0.000000, 0.603684, 16.661478, 0.101199
40.368918,  16.843362, 0.000000, 0.605386, 16.577701, 0.102844
40.311588,  16.834233, 0.000000, 0.606922, 16.569230, 0.102911
40.378235,  16.891565, 0.000000, 0.613085, 16.649124, 0.103728
40.811436,  16.847378, 0.000000, 0.598124, 16.935217, 0.104240
40.999771,  16.863446, 0.000000, 0.606617, 17.195161, 0.101757
39.644207,  16.981884, 0.000000, 0.607058, 15.994365, 0.105167
40.253192,  16.882060, 0.000000, 0.603731, 16.619402, 0.112098
40.398852,  16.865174, 0.000000, 0.601185, 16.794390, 0.104391
40.405055,  16.837906, 0.000000, 0.603504, 16.780926, 0.099031
40.094430,  16.895741, 0.000000, 0.603247, 16.550737, 0.103638
40.490812,  16.859491, 0.000000, 0.606597, 16.796390, 0.104104
39.301343,  16.819337, 0.000000, 0.603713, 15.582073, 0.105082
40.349518,  16.821871, 0.000000, 0.605802, 16.741502, 0.104974
40.206780,  16.860865, 0.000000, 0.603544, 16.583255, 0.104984
40.241090,  16.844148, 0.000000, 0.598901, 16.620546, 0.105449
40.220221,  16.834048, 0.000000, 0.601843, 16.585962, 0.105688
40.462821,  16.807638, 0.000000, 0.619510, 16.655910, 0.103672
40.980711,  16.895629, 0.000000, 0.601270, 16.990193, 0.113692
40.523374,  16.838528, 0.000000, 0.606314, 16.850842, 0.104446
40.507794,  16.877901, 0.000000, 0.599394, 16.799707, 0.105561
40.254988,  16.848680, 0.000000, 0.607287, 16.700637, 0.104466
40.435809,  16.911296, 0.000000, 0.599791, 16.807507, 0.105148
40.563348,  16.854703, 0.000000, 0.599908, 16.674723, 0.103784
40.396428,  16.866786, 0.000000, 0.607709, 16.730131, 0.105183
40.571784,  16.878322, 0.000000, 0.601670, 16.908388, 0.096641
40.168608,  16.914088, 0.000000, 0.610027, 16.567967, 0.104625
40.547789,  16.922114, 0.000000, 0.602163, 16.586514, 0.102638
40.188179,  17.172590, 0.000000, 0.617195, 16.544881, 0.105032
68.683281,  20.729782, 0.000000, 0.582007, 32.620221, 0.113469
71.352525,  20.845097, 0.000000, 0.576975, 35.826493, 0.114019
71.060720,  20.813976, 0.000000, 0.584584, 34.826961, 0.111600
70.122907,  20.765194, 0.000000, 0.580607, 34.356475, 0.113930
70.247681,  21.113328, 0.000000, 0.588483, 34.641477, 0.107505
68.166684,  20.863419, 0.000000, 0.582574, 32.668862, 0.115599
72.125591,  20.846717, 0.000000, 0.574956, 36.283660, 0.107096
71.355303,  20.870285, 0.000000, 0.578253, 35.924156, 0.113782
70.840694,  20.853074, 0.000000, 0.590097, 35.207009, 0.107888
69.945935,  20.769318, 0.000000, 0.585484, 34.206303, 0.113606
70.670068,  20.881296, 0.000000, 0.587176, 34.852350, 0.099698
72.662073,  20.792387, 0.000000, 0.579870, 37.078433, 0.101249
69.931909,  20.815916, 0.000000, 0.587673, 34.132081, 0.114375
69.805393,  20.853654, 0.000000, 0.588243, 34.106228, 0.113695
69.773447,  21.137146, 0.000000, 0.590010, 34.374564, 0.113998
71.303806,  20.770029, 0.000000, 0.576306, 35.671155, 0.106563
70.251370,  20.815297, 0.000000, 0.589456, 34.705772, 0.117411
71.263417,  20.886509, 0.000000, 0.584557, 35.651335, 0.113948
70.911945,  20.828350, 0.000000, 0.581764, 35.142107, 0.102417
71.212774,  20.786528, 0.000000, 0.587421, 35.256834, 0.110910
71.097233,  21.008311, 0.000000, 0.585692, 35.296440, 0.107365
69.666819,  20.805185, 0.000000, 0.579887, 33.982920, 0.105195
71.423735,  20.958334, 0.000000, 0.582473, 35.732156, 0.102663
70.142754,  20.855624, 0.000000, 0.583691, 34.337157, 0.107648
70.727321,  20.846286, 0.000000, 0.585102, 35.096065, 0.112175
71.373787,  20.904160, 0.000000, 0.584678, 35.470473, 0.099870
70.452893,  20.831036, 0.000000, 0.582621, 34.980875, 0.112526
70.367940,  20.774206, 0.000000, 0.589549, 35.087297, 0.112613
69.043689,  20.879455, 0.000000, 0.590219, 32.839643, 0.114231
72.331762,  20.843191, 0.000000, 0.584701, 36.364875, 0.100550
69.285720,  20.855119, 0.000000, 0.588868, 33.638133, 0.096850
70.958971,  20.779725, 0.000000, 0.580636, 35.452168, 0.113709
71.969221,  20.990866, 0.000000, 0.581413, 36.100228, 0.101079
71.632651,  20.829900, 0.000000, 0.571010, 36.188654, 0.105255
68.594172,  20.862059, 0.000000, 0.578218, 33.123568, 0.108322
68.907931,  20.803520, 0.000000, 0.583578, 33.123366, 0.113685
71.593682,  20.785145, 0.000000, 0.588646, 35.940171, 0.114276
69.531879,  20.834129, 0.000000, 0.580926, 34.119952, 0.106686
70.142181,  20.835511, 0.000000, 0.587889, 34.455265, 0.113141
70.734877,  20.789223, 0.000000, 0.584168, 35.345022, 0.097073
69.981391,  20.848480, 0.000000, 0.590178, 34.271840, 0.095847
72.327801,  20.850675, 0.000000, 0.586499, 36.775516, 0.107312
70.063105,  20.880094, 0.000000, 0.578035, 34.130047, 0.112396
70.584673,  20.883075, 0.000000, 0.591590, 34.828573, 0.114838
69.279891,  20.826903, 0.000000, 0.579704, 33.530430, 0.112044
70.597856,  20.843635, 0.000000, 0.578937, 34.976974, 0.105536
70.826193,  20.850658, 0.000000, 0.587433, 35.408351, 0.098283
71.991222,  20.878688, 0.000000, 0.584277, 35.436306, 0.114609
71.552437,  20.859368, 0.000000, 0.584875, 35.240959, 0.115735
68.336821,  20.809875, 0.000000, 0.583147, 32.696426, 0.114158
95.190729,  23.348332, 0.000000, 0.596654, 43.610244, 0.116838
95.240852,  23.406654, 0.000000, 0.598986, 43.710463, 0.116864
95.295840,  23.382010, 0.000000, 0.590805, 42.631706, 0.116056
97.203216,  23.381327, 0.000000, 0.594633, 44.888197, 0.124106
97.778534,  23.468836, 0.000000, 0.585738, 45.502624, 0.122653
96.726167,  23.523329, 0.000000, 0.596885, 45.601471, 0.115891
98.306759,  23.476237, 0.000000, 0.592143, 46.298173, 0.126232
95.736948,  23.431087, 0.000000, 0.591822, 44.711872, 0.134594
95.971194,  23.418554, 0.000000, 0.598516, 44.386076, 0.114148
95.924753,  23.255152, 0.000000, 0.586192, 45.862800, 0.116853
96.746332,  23.257955, 0.000000, 0.587380, 43.740030, 0.124972
95.528580,  23.453730, 0.000000, 0.589962, 44.349711, 0.117120
96.458209,  23.468027, 0.000000, 0.588358, 46.539735, 0.109770
97.835416,  23.312295, 0.000000, 0.598642, 43.030395, 0.106777
95.658480,  23.305275, 0.000000, 0.589581, 45.864217, 0.117110
96.074974,  23.433238, 0.000000, 0.597984, 44.552978, 0.118137
97.826182,  23.313007, 0.000000, 0.589010, 46.314846, 0.114677
97.103239,  23.270170, 0.000000, 0.589361, 45.752562, 0.119340
96.428908,  23.469244, 0.000000, 0.591749, 45.243608, 0.120006
96.030281,  23.419608, 0.000000, 0.600076, 47.613895, 0.117157
95.038938,  23.421001, 0.000000, 0.590346, 45.304747, 0.116365
96.244800,  23.297381, 0.000000, 0.602570, 44.607784, 0.118008
94.659178,  23.386018, 0.000000, 0.588071, 44.234466, 0.120762
93.845090,  23.439558, 0.000000, 0.597418, 43.796705, 0.118118
96.383547,  23.328601, 0.000000, 0.590783, 45.255990, 0.114328
95.595968,  23.337835, 0.000000, 0.597783, 46.130555, 0.105131
95.098367,  23.339131, 0.000000, 0.591154, 44.180067, 0.121672
97.004251,  23.382201, 0.000000, 0.587887, 44.990303, 0.119867
97.150105,  23.467908, 0.000000, 0.590650, 46.758337, 0.116688
95.151426,  23.292443, 0.000000, 0.584946, 44.877534, 0.124113
97.541747,  23.322106, 0.000000, 0.597888, 43.000591, 0.120822
95.795095,  23.348809, 0.000000, 0.591252, 44.943044, 0.120068
95.209562,  23.316883, 0.000000, 0.593976, 42.277414, 0.125747
97.575463,  23.621890, 0.000000, 0.589507, 43.687540, 0.125482
96.193952,  23.331585, 0.000000, 0.591175, 44.342659, 0.109022
96.382956,  23.294697, 0.000000, 0.591694, 44.946800, 0.123860
95.882654,  23.278187, 0.000000, 0.586586, 45.644348, 0.104716
96.523906,  23.425996, 0.000000, 0.598930, 43.927119, 0.117109
95.729261,  23.300011, 0.000000, 0.598088, 45.287894, 0.116000
95.957621,  23.285556, 0.000000, 0.593445, 44.163205, 0.119250
97.105207,  23.287922, 0.000000, 0.592040, 45.955582, 0.120428
97.055280,  23.313065, 0.000000, 0.594262, 44.660294, 0.124977
97.697946,  23.314515, 0.000000, 0.591205, 46.421659, 0.118003
96.020577,  23.428490, 0.000000, 0.586131, 45.109136, 0.116874
96.427060,  23.378166, 0.000000, 0.598655, 45.802099, 0.111445
97.532161,  23.334894, 0.000000, 0.583408, 45.569584, 0.106716
94.963724,  23.368870, 0.000000, 0.592353, 43.508355, 0.113319
94.703833,  23.325468, 0.000000, 0.596859, 43.654966, 0.101283
96.514006,  23.287225, 0.000000, 0.594642, 46.115222, 0.123119
96.929956,  23.323404, 0.000000, 0.595380, 45.024231, 0.123901
