21.686524,  13.722004, 0.000000, 0.532566, 4.589522, 0.059450
21.611458,  13.670238, 0.000000, 0.526947, 4.578220, 0.062383
21.678775,  13.769351, 0.000000, 0.538990, 4.594591, 0.054272
21.776388,  13.876156, 0.000000, 0.530528, 4.637069, 0.063062
21.554151,  13.697695, 0.000000, 0.524495, 4.604858, 0.062446
21.737066,  13.796754, 0.000000, 0.538176, 4.572203, 0.061386
21.963554,  13.723587, 0.000000, 0.526385, 4.641218, 0.059384
21.801381,  13.727989, 0.000000, 0.519094, 4.661338, 0.060431
22.405048,  13.657461, 0.000000, 0.525282, 4.606864, 0.064447
21.609448,  13.726587, 0.000000, 0.526279, 4.623364, 0.063064
21.566112,  13.876814, 0.000000, 0.530995, 4.566740, 0.061538
21.834082,  14.135330, 0.000000, 0.617788, 4.536867, 0.054197
21.709794,  13.710152, 0.000000, 0.533281, 4.609355, 0.062672
21.843550,  13.888422, 0.000000, 0.530370, 4.588322, 0.060033
21.583128,  13.834735, 0.000000, 0.538726, 4.532448, 0.061417
21.676216,  13.746476, 0.000000, 0.532839, 4.624682, 0.062899
21.529992,  13.752274, 0.000000, 0.533182, 4.577773, 0.061270
21.776737,  13.760996, 0.000000, 0.557639, 4.610721, 0.061087
21.619878,  13.731385, 0.000000, 0.522001, 4.579652, 0.062740
21.780617,  13.795553, 0.000000, 0.531318, 4.585909, 0.054459
21.631952,  13.710458, 0.000000, 0.533872, 4.610326, 0.063239
21.788513,  13.816071, 0.000000, 0.533551, 4.647783, 0.054083
21.755539,  13.740948, 0.000000, 0.534941, 4.577694, 0.063884
21.833300,  13.849399, 0.000000, 0.598494, 4.636751, 0.060722
21.735439,  13.786086, 0.000000, 0.533995, 4.615330, 0.063141
21.680120,  13.731433, 0.000000, 0.528428, 4.604674, 0.057603
22.328929,  13.834633, 0.000000, 0.536722, 4.623227, 0.064902
21.619866,  13.722955, 0.000000, 0.529753, 4.609101, 0.063154
21.624559,  13.726632, 0.000000, 0.527559, 4.592552, 0.063090
21.821739,  13.756404, 0.000000, 0.525993, 4.600622, 0.059861
21.596912,  13.743746, 0.000000, 0.534538, 4.564524, 0.063256
21.631020,  13.732687, 0.000000, 0.537520, 4.580212, 0.054647
21.773875,  13.723605, 0.000000, 0.521855, 4.615702, 0.061112
21.833714,  13.691533, 0.000000, 0.526429, 4.606822, 0.058032
21.759993,  13.734378, 0.000000, 0.528103, 4.628442, 0.062973
21.775257,  13.752488, 0.000000, 0.529146, 4.594130, 0.062743
21.706014,  13.737327, 0.000000, 0.526987, 4.608547, 0.061167
21.728135,  13.704875, 0.000000, 0.539286, 4.556302, 0.062202
21.645359,  13.749690, 0.000000, 0.528438, 4.602278, 0.062542
21.853196,  13.789493, 0.000000, 0.552077, 4.560050, 0.062536
21.744447,  13.730003, 0.000000, 0.534744, 4.601242, 0.059546
21.626044,  13.697169, 0.000000, 0.527461, 4.617967, 0.061997
21.778490,  13.888315, 0.000000, 0.528836, 4.617612, 0.056300
21.806071,  13.708390, 0.000000, 0.512593, 4.623044, 0.062842
21.625194,  13.738278, 0.000000, 0.534458, 4.614582, 0.062469
21.765390,  13.670924, 0.000000, 0.521587, 4.630987, 0.062733
21.746890,  13.715049, 0.000000, 0.569833, 4.616506, 0.061775
21.692213,  13.692355, 0.000000, 0.530415, 4.591778, 0.063018
21.799622,  13.692367, 0.000000, 0.528141, 4.570170, 0.062693
21.625298,  13.714206, 0.000000, 0.582730, 4.619425, 0.062692
40.131497,  16.952195, 0.000000, 0.582309, 13.926715, 0.060777
40.259091,  16.861753, 0.000000, 0.583129, 14.080322, 0.060077
40.057899,  16.847025, 0.000000, 0.583333, 13.658924, 0.058749
40.726514,  16.939974, 0.000000, 0.587192, 13.941628, 0.059225
40.470754,  16.921138, 0.000000, 0.574977, 13.951652, 0.054943
40.633595,  16.877246, 0.000000, 0.585752, 14.185622, 0.056837
40.623202,  16.885963, 0.000000, 0.577331, 14.170554, 0.058838
40.459718,  16.867785, 0.000000, 0.586676, 13.907341, 0.059921
40.193783,  16.987225, 0.000000, 0.582628, 14.053592, 0.060012
40.449734,  16.882841, 0.000000, 0.578430, 13.953394, 0.058369
40.529073,  16.938780, 0.000000, 0.578111, 14.096738, 0.059458
40.238793,  16.945040, 0.000000, 0.584119, 13.913310, 0.052927
40.875319,  16.867247, 0.000000, 0.576955, 14.196562, 0.060492
40.998047,  16.963341, 0.000000, 0.572781, 14.022832, 0.059746
40.838158,  16.894862, 0.000000, 0.582544, 14.280656, 0.060701
40.840204,  16.874700, 0.000000, 0.586666, 14.286845, 0.072666
40.433261,  16.896014, 0.000000, 0.581653, 14.227759, 0.060656
40.724587,  16.896644, 0.000000, 0.581587, 14.103198, 0.059675
40.358159,  16.882157, 0.000000, 0.577816, 14.011671, 0.060304
40.225326,  16.892335, 0.000000, 0.577707, 13.941775, 0.058851
40.520679,  16.922924, 0.000000, 0.575463, 14.277045, 0.061310
40.663333,  16.850709, 0.000000, 0.579778, 14.053009, 0.056593
40.404305,  16.943441, 0.000000, 0.585134, 14.047905, 0.058498
40.457550,  16.885342, 0.000000, 0.582096, 14.037528, 0.055693
40.426924,  16.914808, 0.000000, 0.586202, 14.067622, 0.057539
40.863678,  16.860341, 0.000000, 0.575648, 14.246874, 0.060472
40.804993,  16.875538, 0.000000, 0.583703, 14.390046, 0.057017
39.716749,  16.933934, 0.000000, 0.581878, 13.172394, 0.060537
40.325373,  17.046127, 0.000000, 0.584960, 14.051566, 0.062981
40.445821,  16.962602, 0.000000, 0.577819, 14.166279, 0.060168
40.827666,  16.980407, 0.000000, 0.575096, 14.149216, 0.054036
40.142985,  16.879886, 0.000000, 0.578337, 13.866203, 0.058856
40.542966,  16.961879, 0.000000, 0.587609, 14.181696, 0.059311
39.529059,  16.867546, 0.000000, 0.573589, 13.022740, 0.060145
40.398422,  16.858342, 0.000000, 0.584535, 14.155139, 0.060467
40.404904,  16.901811, 0.000000, 0.579824, 13.959916, 0.060665
40.648265,  16.885947, 0.000000, 0.573775, 14.045002, 0.060139
40.371213,  16.893777, 0.000000, 0.575931, 13.907844, 0.060562
40.524776,  16.875798, 0.000000, 0.567491, 14.090098, 0.058986
41.144164,  16.911993, 0.000000, 0.584367, 14.247389, 0.063754
40.565798,  16.866343, 0.000000, 0.581060, 14.123247, 0.059897
40.933017,  16.952259, 0.000000, 0.572731, 14.204869, 0.060319
40.491970,  16.875997, 0.000000, 0.572238, 13.594441, 0.059204
40.438731,  16.871265, 0.000000, 0.583403, 14.018946, 0.060310
40.626018,  16.923567, 0.000000, 0.582391, 14.054681, 0.058702
40.782064,  16.902445, 0.000000, 0.585240, 14.161643, 0.060464
40.578036,  16.953486, 0.000000, 0.579376, 14.293917, 0.078531
40.201426,  16.896572, 0.000000, 0.574935, 13.939814, 0.060578
40.211983,  16.881066, 0.000000, 0.576771, 13.960838, 0.057830
40.702808,  16.942298, 0.000000, 0.575616, 13.912794, 0.060312
68.688822,  20.590772, 0.000000, 0.572774, 28.176738, 0.073377
70.951930,  20.599282, 0.000000, 0.567531, 29.684888, 0.073654
71.588060,  20.587470, 0.000000, 0.569228, 29.811482, 0.072936
70.062846,  20.564033, 0.000000, 0.568054, 28.860524, 0.074384
70.935158,  20.623807, 0.000000, 0.555518, 29.546932, 0.071251
68.077335,  20.569994, 0.000000, 0.560907, 28.220763, 0.075181
71.895032,  20.605806, 0.000000, 0.569226, 30.951486, 0.070443
71.290190,  20.698812, 0.000000, 0.548144, 31.894695, 0.072921
70.924306,  20.594706, 0.000000, 0.567799, 31.967306, 0.071938
69.684145,  20.549258, 0.000000, 0.579331, 28.507826, 0.073379
70.708601,  20.541863, 0.000000, 0.578372, 29.171386, 0.079613
72.595901,  20.569170, 0.000000, 0.571978, 32.664868, 0.069046
69.874394,  20.559233, 0.000000, 0.563548, 29.958489, 0.074039
69.809571,  20.841374, 0.000000, 0.572035, 29.901888, 0.073864
69.627592,  20.598985, 0.000000, 0.556819, 29.521157, 0.074256
71.548919,  20.558151, 0.000000, 0.560098, 31.108349, 0.071350
70.210534,  20.611205, 0.000000, 0.573167, 30.492600, 0.078807
71.180588,  20.644251, 0.000000, 0.585405, 30.426870, 0.074601
70.682946,  20.728398, 0.000000, 0.586452, 31.604483, 0.070424
71.182506,  20.623252, 0.000000, 0.565600, 31.420656, 0.073751
71.818339,  20.576447, 0.000000, 0.573869, 31.492418, 0.071582
69.738677,  20.651187, 0.000000, 0.576390, 27.925187, 0.070212
71.262128,  20.571548, 0.000000, 0.569141, 31.037749, 0.075150
70.106767,  20.975313, 0.000000, 0.592112, 29.846633, 0.070788
70.628270,  20.624531, 0.000000, 0.563105, 30.708718, 0.073702
72.029883,  20.553359, 0.000000, 0.568038, 31.590477, 0.068981
70.388294,  20.795571, 0.000000, 0.578418, 31.271439, 0.073299
70.301050,  20.598741, 0.000000, 0.570858, 30.443830, 0.072156
69.091389,  20.838343, 0.000000, 0.576144, 28.619027, 0.074548
71.971026,  20.582325, 0.000000, 0.569180, 31.955452, 0.069406
69.081684,  20.606813, 0.000000, 0.576505, 29.718355, 0.065132
71.327542,  20.521250, 0.000000, 0.564909, 30.374920, 0.074743
72.117133,  20.664631, 0.000000, 0.578445, 31.026567, 0.069775
71.565749,  20.579471, 0.000000, 0.575484, 31.310099, 0.068902
68.915481,  20.581988, 0.000000, 0.571746, 30.046447, 0.074167
68.589847,  20.623843, 0.000000, 0.567193, 29.344878, 0.074479
71.486962,  20.573008, 0.000000, 0.566411, 31.752124, 0.074015
70.388546,  20.600190, 0.000000, 0.572973, 29.435012, 0.071247
70.152703,  20.610334, 0.000000, 0.576096, 28.772364, 0.073142
70.677115,  20.596148, 0.000000, 0.567963, 30.379846, 0.065000
69.925690,  20.528432, 0.000000, 0.559416, 30.374784, 0.064057
72.251802,  20.571716, 0.000000, 0.561028, 32.275250, 0.072388
69.990988,  20.575718, 0.000000, 0.572261, 29.461946, 0.072005
70.551654,  20.750924, 0.000000, 0.575616, 31.615826, 0.074165
69.106889,  20.572102, 0.000000, 0.555020, 29.529954, 0.073710
70.383498,  20.603586, 0.000000, 0.571391, 29.400054, 0.069890
70.763820,  20.622737, 0.000000, 0.572607, 31.492676, 0.075559
71.032851,  20.596481, 0.000000, 0.558740, 30.330426, 0.074830
71.410725,  20.616231, 0.000000, 0.577485, 29.286212, 0.077176
68.208467,  20.570792, 0.000000, 0.566169, 27.809445, 0.074051
95.501686,  24.196503, 0.000000, 0.588263, 40.514011, 0.085300
96.388303,  24.277136, 0.000000, 0.583103, 40.097331, 0.083080
95.901901,  24.084793, 0.000000, 0.572066, 38.007989, 0.083898
97.370206,  24.331912, 0.000000, 0.591502, 40.587633, 0.087643
97.821571,  24.188924, 0.000000, 0.577192, 39.677091, 0.087911
97.713438,  24.226785, 0.000000, 0.587875, 41.128178, 0.084160
97.855744,  24.182340, 0.000000, 0.579306, 40.767706, 0.088554
96.610405,  24.390131, 0.000000, 0.585107, 43.132768, 0.082232
95.602671,  24.217797, 0.000000, 0.576627, 40.629563, 0.081788
96.259177,  24.144388, 0.000000, 0.577659, 42.036668, 0.080916
96.831735,  24.160958, 0.000000, 0.571012, 37.686358, 0.091501
95.292828,  24.328936, 0.000000, 0.587884, 39.096434, 0.085286
97.459687,  24.199222, 0.000000, 0.578926, 42.509198, 0.080183
97.909471,  24.138449, 0.000000, 0.589499, 39.357313, 0.078124
95.997413,  24.181831, 0.000000, 0.581116, 41.774247, 0.082219
96.163397,  24.184506, 0.000000, 0.579614, 39.865309, 0.084534
98.166755,  24.158038, 0.000000, 0.590425, 42.052906, 0.080568
97.967861,  24.197797, 0.000000, 0.583111, 42.012946, 0.087686
96.934700,  24.299868, 0.000000, 0.587385, 40.482850, 0.085443
96.828828,  24.228735, 0.000000, 0.588753, 43.839108, 0.083581
95.352994,  24.242126, 0.000000, 0.584292, 40.880493, 0.082730
96.453397,  24.234219, 0.000000, 0.589429, 41.986265, 0.084034
94.975335,  24.329545, 0.000000, 0.595030, 39.763455, 0.087988
95.041507,  24.306517, 0.000000, 0.581359, 41.037915, 0.085952
96.549318,  24.350365, 0.000000, 0.584708, 40.425079, 0.082658
95.984117,  24.119015, 0.000000, 0.580879, 42.546500, 0.078416
95.196962,  24.122564, 0.000000, 0.584078, 40.234976, 0.087634
97.981514,  24.178392, 0.000000, 0.581013, 40.890855, 0.083727
97.454841,  24.269711, 0.000000, 0.581201, 42.464752, 0.082227
95.485790,  24.157901, 0.000000, 0.572631, 40.422244, 0.087179
97.765828,  24.212180, 0.000000, 0.581805, 38.771313, 0.077185
96.485989,  24.183046, 0.000000, 0.578266, 41.832249, 0.084388
94.658297,  24.124397, 0.000000, 0.579377, 37.622656, 0.087175
98.377390,  24.615821, 0.000000, 0.595928, 39.463085, 0.088125
97.006038,  24.294926, 0.000000, 0.585042, 39.289005, 0.080379
96.584017,  24.195824, 0.000000, 0.583567, 41.555532, 0.092308
96.223153,  24.114693, 0.000000, 0.570668, 41.508676, 0.078080
96.830681,  24.186957, 0.000000, 0.579950, 38.909767, 0.085483
96.073082,  24.121007, 0.000000, 0.587667, 42.218692, 0.084577
96.309679,  24.271293, 0.000000, 0.575539, 39.274726, 0.084991
97.350208,  24.167430, 0.000000, 0.585059, 40.775564, 0.086715
97.382990,  24.219481, 0.000000, 0.575725, 41.995711, 0.090834
97.894035,  24.104869, 0.000000, 0.583365, 42.126779, 0.084605
96.286516,  24.372760, 0.000000, 0.576937, 40.058026, 0.083634
97.013654,  24.303574, 0.000000, 0.580099, 40.895001, 0.084652
97.890155,  24.351088, 0.000000, 0.577942, 41.343750, 0.076122
95.008402,  24.192164, 0.000000, 0.584568, 40.042881, 0.100232
95.221510,  24.253956, 0.000000, 0.590027, 40.823794, 0.074774
96.868157,  24.222572, 0.000000, 0.570731, 42.337100, 0.087532
96.393174,  24.176714, 0.000000, 0.581022, 39.962007, 0.091864
