4987
3528
5867
3385
3235
4073
3035
3133
3869
3579
3557
4958
5733
3262
2937
3295
4596
5282
3581
3320
5147
3170
3060
3040
4731
3801
3311
4038
3478
3430
5545
3108
3419
4209
5495
4518
3324
3666
2873
2995
3256
3400
3490
2976
4871
5588
4359
3238
3571
6476
5366
3226
2940
3024
3207
3245
4064
3439
5764
3803
3541
3121
4466
2915
5221
5795
3371
3269
3299
4554
3100
3194
3088
3943
5357
6119
3001
3428
3370
3226
126581
156080
129341
134394
127270
128589
123937
123937
130015
154706
127013
119002
128193
123261
127873
120352
97455
96072
127784
121186
134208
118407
129625
124263
122804
156647
111015
124861
101600
121047
122604
133996
119531
111248
126310
127558
116809
116904
126365
118098
109212
130862
129525
123501
124858
119145
121644
123270
129418
133496
124105
134579
121170
130670
115850
122525
120405
159835
124388
124978
128454
116955
119491
124191
115744
161378
124575
131822
125338
119021
130417
120512
131635
94498
127890
94480
118347
126006
122124
131404
10763
9163
8095
8522
8850
7247
7233
7529
10288
7562
8149
9020
8805
7825
8238
7469
8585
8216
8525
9432
9089
7354
8858
6785
7985
10282
9249
8192
7493
8679
6987
6884
8733
10061
8817
7803
7710
7191
8230
8516
10235
10042
7761
7874
8061
8054
8953
7726
10190
8325
7405
8648
7632
7568
8858
7061
10598
8128
10103
6949
7918
8517
8028
6847
10960
7791
7627
7712
7999
7581
7313
8758
9719
10000
7991
7324
7779
7494
8957
7349
13457
11358
11286
12908
11274
13222
11322
10857
15734
14928
17723
14442
14916
16261
14380
12848
13503
12510
10064
12204
12421
10434
10667
13356
14655
14249
12132
11127
10447
9668
10987
11667
15810
14128
11346
9913
9572
10619
9346
10320
14736
12261
14926
11661
9878
12129
11396
9099
14644
12086
12422
12622
12095
10785
10040
10980
15762
12410
12619
11025
12165
11800
9304
10333
15658
11227
12420
13407
12021
9954
13289
11634
20001
19273
15269
14850
13270
15768
16646
12658
248316
194370
212282
196797
205321
226704
204390
216324
267856
206663
223584
206378
203526
239947
212166
230935
200717
260610
218304
198584
213285
236650
226339
213197
250333
187409
206203
187781
197779
221881
209972
200803
252826
197846
219712
197456
205760
233685
211371
229740
191223
246635
211736
188868
201009
219943
195367
211674
243875
193148
212684
180720
204591
220836
199093
214050
255795
197622
209838
216973
196851
230897
220735
211188
244053
207641
188044
192233
201869
219818
212178
208335
193675
245609
211911
189128
201515
222670
207040
206185
457288
431168
418919
458365
445215
386846
417242
389274
435950
429384
430900
448600
446978
396194
435859
400409
453051
429721
451492
432791
441270
414030
363679
432453
520306
497643
520035
514421
531978
487657
436365
507071
472000
513158
540026
500593
516680
480908
497959
444779
463457
411235
469341
460174
494981
425487
399412
443981
432330
439848
432617
457733
441596
390675
366686
437916
438131
407058
458057
450121
452539
407799
423149
397470
460512
500917
504952
496400
501370
465545
470088
433387
449490
417780
441075
427935
431280
405848
424110
386500
825689
781780
733346
777036
756009
695622
683543
724724
1189450
887778
847032
875932
830885
755739
758128
815536
834363
740872
789815
762655
754643
667509
662330
726510
784481
743609
753241
761513
727844
659036
647080
708891
779850
736026
720174
721342
727356
656183
632286
715150
760572
734080
756702
723254
723615
639304
624548
675555
867662
836303
801992
819832
764167
705080
707194
756404
750684
758097
723611
758427
687301
645795
627423
700723
781379
765586
752047
731214
728385
658484
636523
685281
783413
735629
773139
768749
721926
654510
648257
709274
1655089
1681590
1458736
1604953
1595265
1398519
1499177
1338967
1363988
1384311
1201303
1337165
1327317
1085483
1262597
1081338
1358965
1373615
1172365
1318683
1315120
1171074
1242223
1071772
1360387
1371729
1178122
1330051
1292422
1102924
1248622
1070731
1360208
1374149
1184522
1329784
1312523
1066819
1193813
1073580
1384181
1390804
1196505
1348639
1316912
1090940
1253520
1084472
1378115
1390381
1334964
1196505
1310633
1096854
1221323
1060610
1387145
1379580
1203976
1329243
1309909
1054356
1234463
1077165
1366219
1398656
1198872
1328741
1318148
1125600
1239215
1082951
1352389
1387905
1331247
1163131
1311947
1046728
1210982
1058441
2160396
2404085
2316003
2439277
2137786
2076008
2297667
2154294
2186262
2437313
2354386
2458426
2174766
1887525
2302779
2172363
2159740
2405991
2304989
2443833
2168443
1834003
2290865
2167175
2109081
2403926
2331746
2293519
2124130
1919934
2325096
2126405
2182930
2443245
2372090
2478966
2174427
1875038
2316712
2187297
2163465
2411358
2360140
2467328
2190243
1925747
2328206
2170464
2524085
2746975
2708315
2795192
2460146
2095488
2652295
2495520
2664063
2950525
2851863
2983775
2599954
2996540
2828612
2686012
3364247
3702309
3724130
3763292
3280224
2347628
3603506
3420774
3179041
3529563
3387556
3464668
3070337
2744669
3358859
3150211
9073164
8443605
8796566
8883898
8283536
8848244
8587294
8385035
8615448
8156178
8304219
8686755
8427324
8068111
8573204
8373043
7252358
7787724
7495066
7447087
7982022
7636504
7405491
8038942
9651259
9213872
9098747
9152166
9716105
8950264
9362201
9648204
8318554
8162681
7975045
8239186
7898446
8687785
8168020
8236857
9338648
8812642
8440187
9038991
8882402
9292745
9230615
9379641
8717974
8342591
8399793
8236712
8453796
7935833
8089225
7945057
9039915
8394912
8599115
8371165
8786869
8319766
8721727
8556598
8924568
8510673
8739288
8611469
8454233
8914277
8333445
8700008
8231675
8179964
8187238
8103859
7860859
8758490
8168853
8546452
