4983
4941
4845
4963
4709
4721
5162
4799
4902
5641
21275
20416
24200
22580
22508
15159
15898
15740
20028
11938
32197
27856
15268
21952
21630
22072
18648
15115
8836
10197
26401
25506
29774
27201
24731
33022
31103
30635
34890
29158
222610
266806
285708
217974
243867
198558
268606
196329
162763
210731
457451
441606
257448
479285
510641
810615
781005
374879
610907
895542
3792909
1275379
1982833
1603799
2265903
3107720
1478400
3348369
1698894
1969002
8405802
5208627
6767933
11613424
9647396
14163915
15595314
9689691
8751627
5813880
47110514
57829842
59759231
58194452
56603153
54740325
67981190
73470719
60268705
54231941
917833889
839284839
808737832
819533661
693804314
871493469
897950139
869735922
817222775
827184757
