5384
5054
5099
5554
5212
4745
4722
4968
5119
5213
9363
17364
11652
12549
10530
12259
11797
15444
11750
16365
16962
25996
32776
22908
19903
28987
27557
25004
16747
24204
31622
47654
39676
38796
46297
35962
34751
31694
29646
33062
221779
289296
200161
154792
188022
177037
177874
136235
144911
244065
726405
402595
234733
450696
446143
282233
234148
244685
299546
631361
1690250
2454284
3383022
2498632
3851467
2599602
1893640
3252175
1861998
3733126
8018645
8823042
10447399
9895398
12696288
12345811
8153742
15900957
13553697
14917575
50525120
53668108
53329887
61557730
57689010
45072723
48364550
61637127
68299432
52303772
802545545
808359824
873775146
855205099
817286440
836592784
850061912
847654095
843956854
861822175
