4560
5461
5489
3858
4324
4990
5488
3734
4790
3709
3810
4073
4280
4023
3735
3802
4247
4687
4164
4101
5758
6474
9389
5403
7750
9457
5150
7553
8223
7853
7154
7699
8759
7203
6868
8032
6261
7774
7067
5112
10799
8250
9861
13093
14084
12578
14483
11074
11788
10837
29157
23515
19267
24896
21326
19955
17874
19879
13393
19330
57257
56217
53296
67490
61510
69444
89645
82617
48443
73246
68647
94105
69035
67186
63888
52560
54334
56996
55111
76858
184944
195939
176552
188979
171128
195530
194419
178496
178827
168862
1152829
1096103
841208
608061
837592
885588
859560
683253
600403
625933
