6.024953,  3.639292, 0.000000, 0.031198, 1.391728, 0.013332
6.087170,  3.594608, 0.000000, 0.024825, 1.461490, 0.014787
5.807719,  3.619914, 0.000000, 0.026733, 1.339388, 0.014816
5.670652,  3.647681, 0.000000, 0.032168, 1.399381, 0.014728
5.779876,  3.617244, 0.000000, 0.026957, 1.350828, 0.013005
5.722869,  3.623088, 0.000000, 0.028582, 1.453068, 0.013938
5.726309,  3.664585, 0.000000, 0.027117, 1.415292, 0.013862
5.613891,  3.621340, 0.000000, 0.027118, 1.347956, 0.014705
5.691198,  3.651388, 0.000000, 0.027108, 1.351650, 0.014273
5.717487,  3.632351, 0.000000, 0.026713, 1.414584, 0.014221
5.670774,  3.651174, 0.000000, 0.027627, 1.369859, 0.014554
5.736720,  3.629347, 0.000000, 0.036406, 1.428786, 0.014622
5.864940,  3.628793, 0.000000, 0.027830, 1.420741, 0.012930
5.717731,  3.586474, 0.000000, 0.025798, 1.377660, 0.013485
5.769655,  3.602815, 0.000000, 0.028450, 1.491700, 0.014508
5.706633,  3.634871, 0.000000, 0.027512, 1.388211, 0.014835
5.843665,  3.630280, 0.000000, 0.027067, 1.363583, 0.011469
5.685879,  3.676928, 0.000000, 0.028006, 1.383985, 0.014498
6.091480,  3.618058, 0.000000, 0.027846, 1.398695, 0.013593
5.707094,  3.654264, 0.000000, 0.026950, 1.395886, 0.014622
5.729229,  3.637931, 0.000000, 0.027614, 1.394488, 0.012379
5.875382,  3.631906, 0.000000, 0.026931, 1.438256, 0.013563
5.685132,  3.644740, 0.000000, 0.027013, 1.362134, 0.013846
5.839227,  3.691131, 0.000000, 0.027250, 1.499618, 0.014522
5.709421,  3.638532, 0.000000, 0.032390, 1.381888, 0.013861
5.691540,  3.599485, 0.000000, 0.035705, 1.399591, 0.014662
5.711899,  3.625727, 0.000000, 0.027585, 1.454853, 0.014004
5.716450,  3.608649, 0.000000, 0.028151, 1.394220, 0.014370
5.740688,  3.599886, 0.000000, 0.026149, 1.425666, 0.013830
5.761114,  3.636864, 0.000000, 0.026444, 1.455480, 0.014471
5.671023,  3.591174, 0.000000, 0.032032, 1.335116, 0.013633
5.694138,  3.620444, 0.000000, 0.039527, 1.379418, 0.014565
5.704238,  3.616210, 0.000000, 0.034292, 1.377901, 0.011584
5.674309,  3.652988, 0.000000, 0.026347, 1.386861, 0.013777
5.828637,  3.656990, 0.000000, 0.032773, 1.364161, 0.015063
5.702050,  3.637057, 0.000000, 0.026289, 1.438433, 0.014754
5.736079,  3.649372, 0.000000, 0.026036, 1.405219, 0.013578
5.770185,  3.590381, 0.000000, 0.026083, 1.388684, 0.014023
5.693283,  3.622805, 0.000000, 0.025825, 1.403600, 0.014359
5.966998,  3.631087, 0.000000, 0.037131, 1.395665, 0.014764
5.793172,  3.621299, 0.000000, 0.027765, 1.482096, 0.013528
5.709111,  3.598438, 0.000000, 0.027060, 1.371222, 0.014704
5.904271,  3.611790, 0.000000, 0.038343, 1.391907, 0.014109
5.790516,  3.681640, 0.000000, 0.037446, 1.433322, 0.013970
5.785796,  3.675758, 0.000000, 0.039481, 1.442157, 0.013809
5.849176,  3.637723, 0.000000, 0.026697, 1.449790, 0.014933
5.794068,  3.657834, 0.000000, 0.026760, 1.400365, 0.013853
5.669886,  3.634508, 0.000000, 0.026905, 1.414186, 0.014897
6.005631,  3.593815, 0.000000, 0.025510, 1.372894, 0.013732
6.545059,  3.602919, 0.000000, 0.025210, 1.444922, 0.012447
4.573721,  2.491456, 0.000000, 0.019168, 1.369849, 0.012991
4.989370,  2.510785, 0.000000, 0.019014, 1.329267, 0.013011
4.738636,  2.482784, 0.000000, 0.019718, 1.310355, 0.012814
4.824691,  2.488071, 0.000000, 0.020701, 1.333490, 0.012775
5.038579,  2.528061, 0.000000, 0.020158, 1.332170, 0.013139
4.737896,  2.525552, 0.000000, 0.020940, 1.325478, 0.012059
4.568005,  2.475226, 0.000000, 0.020246, 1.318852, 0.013310
4.608686,  2.515788, 0.000000, 0.020420, 1.374930, 0.013039
4.657131,  2.494128, 0.000000, 0.020372, 1.380180, 0.012897
4.758968,  2.473662, 0.000000, 0.020281, 1.348625, 0.012969
5.980685,  2.468834, 0.000000, 0.017816, 1.364481, 0.013098
4.865096,  2.500376, 0.000000, 0.019161, 1.408257, 0.012788
4.562267,  2.536762, 0.000000, 0.020184, 1.340052, 0.013694
4.756043,  2.549271, 0.000000, 0.020457, 1.387554, 0.011924
4.566415,  2.527440, 0.000000, 0.018769, 1.299891, 0.013156
4.972822,  2.495182, 0.000000, 0.019240, 1.326123, 0.013362
4.709155,  2.510852, 0.000000, 0.019738, 1.330144, 0.011694
4.702925,  2.484691, 0.000000, 0.020453, 1.305464, 0.012312
4.652056,  2.513146, 0.000000, 0.019958, 1.332560, 0.013298
4.580024,  2.479329, 0.000000, 0.019860, 1.378646, 0.011942
4.657416,  2.472802, 0.000000, 0.019523, 1.353140, 0.013484
4.687468,  2.496905, 0.000000, 0.019874, 1.350052, 0.012412
4.531162,  2.485216, 0.000000, 0.020045, 1.349651, 0.012579
5.975098,  2.477141, 0.000000, 0.017637, 1.360569, 0.013071
4.619892,  2.481671, 0.000000, 0.020499, 1.358910, 0.012571
4.633148,  2.534157, 0.000000, 0.020898, 1.383618, 0.012967
4.718972,  2.496350, 0.000000, 0.019669, 1.355960, 0.012425
4.792889,  2.503582, 0.000000, 0.019677, 1.372810, 0.012783
4.795180,  2.463197, 0.000000, 0.019066, 1.393811, 0.013098
4.715411,  2.512306, 0.000000, 0.020396, 1.358581, 0.012512
4.693329,  2.533659, 0.000000, 0.019721, 1.426394, 0.013351
5.341558,  2.473400, 0.000000, 0.019047, 1.367915, 0.012803
4.689247,  2.484343, 0.000000, 0.019929, 1.354073, 0.013374
5.062940,  2.481804, 0.000000, 0.020227, 1.356179, 0.013439
4.605353,  2.533960, 0.000000, 0.020524, 1.368793, 0.013086
4.602211,  2.508090, 0.000000, 0.020433, 1.304587, 0.012061
4.582570,  2.478941, 0.000000, 0.020770, 1.328593, 0.013182
4.566278,  2.514795, 0.000000, 0.019835, 1.390104, 0.013484
4.632479,  2.518687, 0.000000, 0.019059, 1.352109, 0.013005
4.847219,  2.501666, 0.000000, 0.019676, 1.382815, 0.012106
4.607508,  2.494847, 0.000000, 0.019810, 1.305642, 0.012626
4.544321,  2.502579, 0.000000, 0.021756, 1.377230, 0.012487
4.567157,  2.470905, 0.000000, 0.020630, 1.300300, 0.012116
4.603444,  2.493879, 0.000000, 0.020229, 1.339703, 0.011865
4.602363,  2.486135, 0.000000, 0.019673, 1.349851, 0.012893
4.668852,  2.529716, 0.000000, 0.020345, 1.332140, 0.012831
4.649968,  2.543009, 0.000000, 0.020013, 1.354800, 0.013329
4.926660,  2.474561, 0.000000, 0.020089, 1.301459, 0.011507
4.850100,  2.492099, 0.000000, 0.020363, 1.366781, 0.012753
4.720302,  2.481703, 0.000000, 0.019387, 1.300631, 0.013156
