6.600700,  3.382200, 0.000000, 0.036925, 1.382299, 0.012051
6.278758,  3.377376, 0.000000, 0.036625, 1.459593, 0.013115
5.644040,  3.372799, 0.000000, 0.040843, 1.336984, 0.013297
5.661516,  3.464115, 0.000000, 0.040735, 1.390743, 0.013050
5.736798,  3.388981, 0.000000, 0.038599, 1.358418, 0.013399
6.124117,  3.388062, 0.000000, 0.039915, 1.445217, 0.012364
5.681328,  3.425301, 0.000000, 0.037781, 1.411156, 0.012422
5.656467,  3.415026, 0.000000, 0.041099, 1.342641, 0.013289
5.695491,  3.433204, 0.000000, 0.041506, 1.362430, 0.012499
5.897837,  3.373448, 0.000000, 0.039945, 1.402067, 0.012576
5.868889,  3.427107, 0.000000, 0.041143, 1.367760, 0.012936
6.071723,  3.387337, 0.000000, 0.040015, 1.428644, 0.013241
5.680625,  3.414829, 0.000000, 0.041254, 1.420784, 0.012829
6.295595,  3.373265, 0.000000, 0.035965, 1.378151, 0.011843
6.579432,  3.412252, 0.000000, 0.034216, 1.486921, 0.012850
5.682073,  3.403867, 0.000000, 0.041529, 1.383817, 0.013345
5.716914,  3.424875, 0.000000, 0.040351, 1.355171, 0.012122
5.864715,  3.371738, 0.000000, 0.037889, 1.374108, 0.013072
6.476574,  3.393911, 0.000000, 0.036694, 1.402704, 0.011979
5.882292,  3.395711, 0.000000, 0.038539, 1.391437, 0.013001
5.725759,  3.452472, 0.000000, 0.042208, 1.389434, 0.010914
5.771649,  3.409340, 0.000000, 0.040637, 1.431513, 0.011973
5.677235,  3.388218, 0.000000, 0.040177, 1.364435, 0.012233
5.981886,  3.411988, 0.000000, 0.039633, 1.480344, 0.013153
5.702319,  3.419051, 0.000000, 0.041846, 1.377524, 0.012256
5.711602,  3.380006, 0.000000, 0.041140, 1.399987, 0.013282
5.898422,  3.389924, 0.000000, 0.041033, 1.451159, 0.012353
5.630687,  3.391678, 0.000000, 0.039162, 1.384134, 0.012835
5.698523,  3.415780, 0.000000, 0.039062, 1.425266, 0.012295
5.753520,  3.379964, 0.000000, 0.040461, 1.446297, 0.012919
5.583730,  3.427532, 0.000000, 0.040611, 1.340693, 0.012319
5.647797,  3.377546, 0.000000, 0.043039, 1.377163, 0.012981
6.607587,  3.377523, 0.000000, 0.036050, 1.372534, 0.010410
5.871165,  3.387191, 0.000000, 0.037556, 1.380455, 0.012121
5.647158,  3.433424, 0.000000, 0.037057, 1.360081, 0.013054
6.582103,  3.414328, 0.000000, 0.035307, 1.436374, 0.013436
5.902999,  3.439523, 0.000000, 0.038523, 1.395636, 0.011813
5.826114,  3.382393, 0.000000, 0.040959, 1.380731, 0.012608
5.694336,  3.503359, 0.000000, 0.042015, 1.397080, 0.012750
5.746244,  3.401633, 0.000000, 0.042006, 1.391289, 0.013332
5.758279,  3.381840, 0.000000, 0.041966, 1.473681, 0.012095
5.692005,  3.405639, 0.000000, 0.040510, 1.363013, 0.013153
5.673766,  3.425582, 0.000000, 0.042905, 1.383377, 0.012540
6.015449,  3.366725, 0.000000, 0.042594, 1.427481, 0.012302
5.755552,  3.419922, 0.000000, 0.043035, 1.436799, 0.012189
5.846031,  3.385481, 0.000000, 0.039138, 1.438912, 0.013452
5.947441,  3.415187, 0.000000, 0.039858, 1.393629, 0.012803
5.688253,  3.419670, 0.000000, 0.040997, 1.411033, 0.013252
5.696554,  3.439382, 0.000000, 0.040245, 1.363974, 0.012737
5.746323,  3.440009, 0.000000, 0.041519, 1.442179, 0.013546
4.632679,  2.599915, 0.000000, 0.019390, 1.353598, 0.011732
4.629286,  2.524330, 0.000000, 0.019597, 1.320154, 0.011608
4.678299,  2.520611, 0.000000, 0.019216, 1.289335, 0.011510
4.599392,  2.535003, 0.000000, 0.019695, 1.315959, 0.011506
5.887625,  2.480903, 0.000000, 0.016996, 1.326231, 0.011609
4.728879,  2.528901, 0.000000, 0.020023, 1.309556, 0.011113
4.648052,  2.535525, 0.000000, 0.019238, 1.306025, 0.011796
4.612203,  2.532591, 0.000000, 0.019334, 1.368149, 0.011606
5.483790,  2.492843, 0.000000, 0.016684, 1.374644, 0.012091
4.634828,  2.554289, 0.000000, 0.019403, 1.339914, 0.011640
5.240337,  2.482101, 0.000000, 0.018879, 1.363825, 0.011550
4.686245,  2.541421, 0.000000, 0.018190, 1.386351, 0.012031
4.535291,  2.542574, 0.000000, 0.019492, 1.307877, 0.012446
4.743101,  2.488696, 0.000000, 0.019115, 1.383167, 0.012589
4.556552,  2.541954, 0.000000, 0.018983, 1.293891, 0.011956
4.893753,  2.508572, 0.000000, 0.018974, 1.323429, 0.012195
4.943689,  2.490186, 0.000000, 0.018654, 1.322286, 0.010878
4.851374,  2.514134, 0.000000, 0.019618, 1.286438, 0.012117
4.600463,  2.479438, 0.000000, 0.018917, 1.328873, 0.011880
4.576990,  2.548201, 0.000000, 0.019269, 1.379186, 0.011724
4.843481,  2.518156, 0.000000, 0.019019, 1.346048, 0.012114
4.666539,  2.480754, 0.000000, 0.018657, 1.341399, 0.011727
4.558777,  2.536808, 0.000000, 0.019259, 1.341418, 0.011799
5.331465,  2.486764, 0.000000, 0.019085, 1.356464, 0.011995
4.758402,  2.523891, 0.000000, 0.019607, 1.351996, 0.011316
4.700379,  2.541226, 0.000000, 0.020001, 1.364101, 0.012347
4.714862,  2.529068, 0.000000, 0.019920, 1.335586, 0.012168
4.649778,  2.497085, 0.000000, 0.018773, 1.359762, 0.011566
4.595982,  2.496092, 0.000000, 0.019214, 1.378541, 0.011666
4.652183,  2.538825, 0.000000, 0.018434, 1.353510, 0.012394
5.303324,  2.487447, 0.000000, 0.017083, 1.419069, 0.011790
5.062054,  2.541836, 0.000000, 0.019034, 1.356552, 0.011762
4.719372,  2.487503, 0.000000, 0.018744, 1.326789, 0.011832
4.831361,  2.473301, 0.000000, 0.018702, 1.344545, 0.012237
4.760004,  2.486496, 0.000000, 0.019006, 1.359483, 0.011612
4.745659,  2.504855, 0.000000, 0.019435, 1.287757, 0.011250
4.856640,  2.490248, 0.000000, 0.019628, 1.319708, 0.011870
4.886053,  2.489208, 0.000000, 0.019002, 1.376853, 0.011934
4.627269,  2.541270, 0.000000, 0.019074, 1.346394, 0.011718
4.609347,  2.573184, 0.000000, 0.019069, 1.377890, 0.010909
5.013171,  2.573890, 0.000000, 0.019845, 1.306997, 0.011420
4.546868,  2.515796, 0.000000, 0.018530, 1.361277, 0.011212
4.572671,  2.479867, 0.000000, 0.019636, 1.283874, 0.010939
4.600155,  2.504806, 0.000000, 0.019253, 1.326024, 0.010612
4.644308,  2.518943, 0.000000, 0.018682, 1.336331, 0.012039
4.852880,  2.522978, 0.000000, 0.019271, 1.329869, 0.012166
5.180088,  2.502129, 0.000000, 0.018588, 1.349750, 0.012982
4.561873,  2.523672, 0.000000, 0.019166, 1.295337, 0.010636
4.617431,  2.487261, 0.000000, 0.018417, 1.361154, 0.011751
4.824917,  2.522143, 0.000000, 0.019171, 1.281904, 0.011832
