10523197
10558117
10593779
10411061
10537230
10592664
10581774
10527728
6522493
6415821
6423782
6442313
6336468
6266433
5485585
5793714
6628640
6430628
6368350
6037973
6457731
5488680
5998226
5479531
6351873
6441292
6522799
6440087
6033467
5448435
5484494
5447677
6342074
6452263
6480675
6031820
5468581
6499052
5487459
5439985
6415004
9623663
9529431
6452797
6787840
5449816
6267970
5441156
6453480
6334376
6446848
5477117
5601705
5508053
6432371
5441269
6510208
6305696
6530136
5443961
5530639
6489751
5439569
6029886
6370476
6501278
5476971
6543748
6453788
5472684
5457000
5449548
6353265
6473355
6425010
5468216
5445672
7165818
5516412
6767544
20639576
28841109
21656972
24670082
28091547
19174844
23299542
20233494
20072157
21826888
28002659
20008030
17689972
27036348
20541921
18474714
20063266
29184408
25183871
28389894
27435916
24066760
18692377
26644515
20358736
28175880
21578062
27579594
19674926
20195074
31455333
30976298
20121329
20408335
20072088
30472933
29904268
17693316
19074165
17639121
19887914
27475115
26427254
26532112
25404529
17716075
30501890
29620904
19944976
19982555
26479527
25524546
17887033
17723729
30505118
29892516
19948809
20008283
20096960
17636597
30446886
17685120
17630543
29700585
25335760
20231834
25873948
25763111
20065535
17656187
24637517
17622945
19927055
28510341
27646185
20112442
21433408
17688914
19962301
17648796
118468852
117754169
120618085
133149529
116978048
115609627
130686046
118876152
92656350
130673327
138306007
142360872
136384840
140917083
128834612
92437240
123193325
120385771
125743692
121218637
118513093
123693348
145879531
144705883
121084413
128152962
127968862
118797458
141943574
126196057
140404485
126257456
150010925
148003050
150138235
150511103
150388370
150693456
150617139
148373585
132323097
135343123
133207612
135408611
133860489
130695333
131660858
133287286
117652709
118240030
123881164
142219389
115349119
116283198
140372321
121474742
129168484
147008819
149121215
127190899
145387693
132388973
144327532
130660871
129663287
130253219
130706872
131579227
140794469
139141996
125779476
129217908
134455701
142807173
140702495
132215187
141365805
139273529
147313677
146470035
556288736
578303656
563769845
557408817
563699325
575545008
587952793
586838622
580294409
580149272
576651243
576611289
586211871
581465117
585629388
587089503
545998906
567286820
575572037
546307397
564573928
573212773
586591841
587559401
573918015
574854970
578837687
575906827
571161099
571998845
584870363
582296049
571367094
578981359
582958627
576024757
580510179
566046922
589482480
587819723
533046303
565656527
576777325
583377529
574011457
580563070
535330225
563315768
564098112
558496412
578225946
580576040
561051371
577498620
555585928
575220302
572582817
575374910
582249085
576844976
572696173
569380317
579559227
573892100
565942034
566095549
579858036
590865476
589562447
563378111
576103355
563201856
553084832
583696550
583087123
551519188
581669068
580536520
584355395
582189451
2009399902
2003082485
2069027724
2064467687
2074310012
2001102577
2072879747
1994315056
2050498086
2064854651
2067210793
2060183480
2011637026
2047383413
2063842371
2008653405
2025827288
2066303417
2076923451
2066681345
2074859807
2067781359
2062930184
2026851820
2016368345
2049689487
2062749636
2058392984
2061927219
2008517195
2053602548
2042779028
2052645598
2081633586
2083755779
2086363995
2050227244
2086400304
2070513744
2033860328
2029056278
2027244267
2064106566
2064934107
2093889247
2093823381
2062426363
2021617041
2003669289
2050922461
2041508157
2047584513
2022592861
1996062881
2035039466
2028962116
1990124560
2029885022
2075117610
2073745932
1985250831
2077939257
2078636542
2022941952
2024615782
2023028663
2071690026
2067053274
2019978357
2010271081
2055481485
2053294704
2023182474
2005054133
2064880730
2060636862
2013107627
2041403080
2000525246
2036739149
8064565226
8178046141
8284318148
8279090372
8160399892
8251207033
8246903568
8063029383
8190606833
8229508913
8161068929
8190327819
8217405372
8176519632
8154316377
8152405351
8204566270
8239626450
8261700866
8220323405
8308801570
8196388060
8199324785
8273180320
8079683609
8281571467
8212372983
8278301745
8240279992
8235202005
8206226759
8065652814
8059092772
8184032590
8158810257
8307290116
8287525530
8172092917
8303673772
8213388514
8077168327
8259398010
8290694330
8288696420
8282063742
8251747233
8295167655
8042015064
8020772937
8233186506
8259985066
8150596249
8251360716
8225361344
7998191599
8145148563
8168623671
8169183645
8171714475
8167012799
8297454519
8294190425
8159548759
8161933697
8246476075
8266117521
8247460780
8258843476
8203864733
8153433117
8147886875
8160368161
8209636903
8193105159
8135551268
8186014693
8127192326
8126839149
8290854722
8299477183
32634986732
32907533856
33049448189
32893650595
32906218987
33072292106
32564590963
32926700257
32603891533
33000207798
32977029588
32914885890
33028565734
32567409781
32730782148
32722860999
32686737738
32991115888
32544636104
32641729744
32971438507
32982754753
32973093703
32754094676
32564606566
32442209257
32994118594
33044853894
33047271471
32978085505
32537849883
32395309665
32637664010
32839469360
32673630690
32950411269
32933623058
32805689644
32595451249
32620643043
32518260372
32644423409
33014385592
33047459322
33045757357
33069093331
32498629896
32815063886
28419835728
30070659698
31414740171
32002215438
32667291567
32208132012
32640481454
32512429892
33104848572
33105789651
32987000534
32813090776
32526807134
32331238247
32833354362
32872194699
32472222481
32638949182
32763111518
32922146612
32884433571
32891463679
32706828669
32663093942
32850893218
33117222559
32665644370
32850521266
33126548535
32748831220
32642954498
32961929054
131995709024
131804591317
131952380396
131952947526
132100458407
131909182708
131954147866
131891935061
131721632956
131958525109
132280153998
131612409142
132316834738
131853167090
132130813765
131960563971
131601487737
131708000258
132119407583
132065218363
132515542408
131848963713
131812217738
131821783029
131573166162
131697932890
131638307557
132278704640
132144544323
132352634490
132259465827
131568134148
132497461599
131989030096
131875189502
131994274376
131540401254
131990454255
132041440364
132172830552
131730387046
132193491981
132180927296
132032843193
131929779633
131856080088
132115541261
131872345421
131985230925
132109529152
132428551516
131948098088
132078546942
131603781351
132407400384
131610307181
131346690072
131935068361
132464958812
131738733187
131647902951
132089886920
131945461764
132129404746
132565601279
131861476930
131597681131
132009412539
131998310533
132122140119
132494411008
131647901401
131933346567
132126169772
132554890986
132063086119
131444902216
132486834080
131402186009
131801141413
532208144032
530254313861
531003598998
529898422377
530369010100
531363543261
529255755250
530621114989
531667341524
532194940606
530349658392
531337245981
529901844024
529378116365
531093029457
530368564557
530730823925
531043518138
529915287218
529856730288
530623720441
530282538577
530204489493
528912324150
530027931781
529764350228
529656317558
529770471840
531041784832
532214158167
530684376486
530041810261
530701283609
531126384722
531364509800
530154879673
530059425225
530688746480
529142310864
530397001034
530962316296
529871170776
530773298110
529459146516
530752713494
530599533154
528666094268
528068821773
531264485991
531931243214
530146790824
531705738869
532111636571
531071737736
531037505588
529656205588
532479703636
531115348803
533342770200
533123356230
533604218013
530976626453
532622736083
530032343724
531672619017
530808460047
530060338248
531399747833
532697921326
532180383129
532888052964
532221874016
531436974889
531927299179
532709326125
531474038081
530074120317
531432810106
530947336246
530749437947
2374258680177
2398042549962
2400767092095
2362356175413
2375957470141
2315962488813
2378965363587
2319347908953
2400299303416
2399740785938
2362023362591
2373366194769
2255584548866
2106633820632
2094042572696
2074104622954
2401666842894
2391636997912
2396974819979
2394521729597
2277440877732
2156351575547
2023308002725
2013529047934
2390472429451
2395150002352
2350436697974
2218031438995
2395953203330
2154556561474
2130562471281
2115545371242
2325661260963
2404286191928
2278087860296
2394568140666
2326361436003
2253120236953
2202048083731
2010300942363
2400146608595
2401017955376
2404064412006
2387367273998
2259280749524
2201405007617
2303029485491
1877121721234
2333590762703
2404427834814
2264249492155
2318985550762
2317762201391
2226100662032
2240605836019
2019123001236
2372197442138
2375014871822
2389749817224
2399039439859
2197104430716
2171878313596
2111145266376
2147796777938
2349578506455
2375264171089
2312756725793
2319851012368
2271664292299
2303478698376
2084123534290
2178936922435
2394882265723
2401520321384
2314674102740
2238113734393
2309007975404
2246699628652
2164222436855
2190964838527
